group_key,file_count,relative_path,variant_tag
dataset_manifest,91,SCRIPTS/Paper outcomes RESTART TESTS/kingmalek/restart-kingmalek-00297d4e97/dataset_manifest.json,base-or-copy
dataset_manifest,91,SCRIPTS/Paper outcomes RESTART TESTS/master/restart-master-00297d4e97/dataset_manifest.json,base-or-copy
dataset_manifest,91,SCRIPTS/Paper outcomes RESTART TESTS/next-pass-master/restart-next-pass-97c87f3d4c/dataset_manifest.json,base-or-copy
dataset_manifest,91,SCRIPTS/Paper outcomes RESTART TESTS/pharos/restart-pharos-00297d4e97/dataset_manifest.json,base-or-copy
dataset_manifest,91,SCRIPTS/Paper outcomes RESTART TESTS/phenixking/restart-phenixking-00297d4e97/dataset_manifest.json,base-or-copy
dataset_manifest,91,SCRIPTS/Paper outcomes RESTART TESTS/runner/restart-runner-00297d4e97/dataset_manifest.json,base-or-copy
dataset_manifest,91,SCRIPTS/Paper outcomes RESTART TESTS/salomon/restart-salomon-00297d4e97/dataset_manifest.json,base-or-copy
dataset_manifest,91,SCRIPTS/Paper outcomes RESTART-2 TESTS/master/restart2-master-6eed7729eb/dataset_manifest.json,base-or-copy
dataset_manifest,91,SCRIPTS/Paper outcomes RESTART-2 TESTS/runner/restart2-runner-6eed7729eb/dataset_manifest.json,base-or-copy
dataset_manifest,91,SCRIPTS/Paper outcomes RESTART-2/AG-runner/governance_runs/ag-runner-md-with-readme-key-2426d4903d/dataset_manifest.json,base-or-copy
dataset_manifest,91,SCRIPTS/Paper outcomes RESTART-2/GEM-MALEK-PHENIX/debug_runs/kingmalek/debug-kingmalek-smoke-16a6b2387f/dataset_manifest.json,base-or-copy
dataset_manifest,91,SCRIPTS/Paper outcomes RESTART-2/GEM-MALEK-PHENIX/debug_runs/phenix/debug-phenixking-smoke-16a6b2387f/dataset_manifest.json,base-or-copy
dataset_manifest,91,SCRIPTS/Paper outcomes RESTART-2/GEM-MALEK-PHENIX/parallel_runs/kingmalek-wrapper/parallel-kingmalek-wrapper-5861bc1349/dataset_manifest.json,base-or-copy
dataset_manifest,91,SCRIPTS/Paper outcomes RESTART-2/GEM-MALEK-PHENIX/parallel_runs/kingmalek/kingmalek-md-readme-zip-afaf0136e9/dataset_manifest.json,base-or-copy
dataset_manifest,91,SCRIPTS/Paper outcomes RESTART-2/GEM-MALEK-PHENIX/parallel_runs/phenix-realized/phenixking-md-readme-zip-afaf0136e9/dataset_manifest.json,base-or-copy
dataset_manifest,91,SCRIPTS/Paper outcomes RESTART-2/GEM-MALEK-PHENIX/parallel_runs/phenix-wrapper/parallel-phenixking-wrapper-5861bc1349/dataset_manifest.json,base-or-copy
dataset_manifest,91,SCRIPTS/Paper outcomes RESTART-2/governance_master_runs/ag-runner-md-readme-master-pass-2426d4903d/dataset_manifest.json,base-or-copy
dataset_manifest,91,SCRIPTS/Paper outcomes RESTART-2/governance_master_runs/unified-master-pass-6ec0473575/dataset_manifest.json,base-or-copy
dataset_manifest,91,SCRIPTS/Paper outcomes RESTART-2/governance_master_runs/unified-master-pass-v2-6ec0473575/dataset_manifest.json,base-or-copy
dataset_manifest,91,SCRIPTS/Paper outcomes RESTART-3 TESTS/master/restart3-master-34adc61c1a/dataset_manifest.json,base-or-copy
dataset_manifest,91,SCRIPTS/Paper outcomes RESTART-3 TESTS/runner/restart3-runner-34adc61c1a/dataset_manifest.json,base-or-copy
dataset_manifest,91,SCRIPTS/Paper outcomes RESTART-3/AG-runner/governance_runs/ag-runner-md-with-readme-key-2426d4903d/dataset_manifest.json,base-or-copy
dataset_manifest,91,SCRIPTS/Paper outcomes RESTART-3/GEM-MALEK-PHENIX/debug_runs/kingmalek/debug-kingmalek-smoke-16a6b2387f/dataset_manifest.json,base-or-copy
dataset_manifest,91,SCRIPTS/Paper outcomes RESTART-3/GEM-MALEK-PHENIX/debug_runs/phenix/debug-phenixking-smoke-16a6b2387f/dataset_manifest.json,base-or-copy
dataset_manifest,91,SCRIPTS/Paper outcomes RESTART-3/GEM-MALEK-PHENIX/parallel_runs/kingmalek-wrapper/parallel-kingmalek-wrapper-5861bc1349/dataset_manifest.json,base-or-copy
dataset_manifest,91,SCRIPTS/Paper outcomes RESTART-3/GEM-MALEK-PHENIX/parallel_runs/kingmalek/kingmalek-md-readme-zip-afaf0136e9/dataset_manifest.json,base-or-copy
dataset_manifest,91,SCRIPTS/Paper outcomes RESTART-3/GEM-MALEK-PHENIX/parallel_runs/phenix-realized/phenixking-md-readme-zip-afaf0136e9/dataset_manifest.json,base-or-copy
dataset_manifest,91,SCRIPTS/Paper outcomes RESTART-3/GEM-MALEK-PHENIX/parallel_runs/phenix-wrapper/parallel-phenixking-wrapper-5861bc1349/dataset_manifest.json,base-or-copy
dataset_manifest,91,SCRIPTS/Paper outcomes RESTART-3/governance_master_runs/ag-runner-md-readme-master-pass-2426d4903d/dataset_manifest.json,base-or-copy
dataset_manifest,91,SCRIPTS/Paper outcomes RESTART-3/governance_master_runs/unified-master-pass-6ec0473575/dataset_manifest.json,base-or-copy
dataset_manifest,91,SCRIPTS/Paper outcomes RESTART-3/governance_master_runs/unified-master-pass-v2-6ec0473575/dataset_manifest.json,base-or-copy
dataset_manifest,91,SCRIPTS/Paper outcomes RESTART-4 RUNTIME-ARCHIVE/AG-runner/governance_runs/ag-runner-md-with-readme-key-2426d4903d/dataset_manifest.json,base-or-copy
dataset_manifest,91,SCRIPTS/Paper outcomes RESTART-4 RUNTIME-ARCHIVE/GEM-MALEK-PHENIX/debug_runs/kingmalek/debug-kingmalek-smoke-16a6b2387f/dataset_manifest.json,base-or-copy
dataset_manifest,91,SCRIPTS/Paper outcomes RESTART-4 RUNTIME-ARCHIVE/GEM-MALEK-PHENIX/debug_runs/phenix/debug-phenixking-smoke-16a6b2387f/dataset_manifest.json,base-or-copy
dataset_manifest,91,SCRIPTS/Paper outcomes RESTART-4 RUNTIME-ARCHIVE/GEM-MALEK-PHENIX/parallel_runs/kingmalek-wrapper/parallel-kingmalek-wrapper-5861bc1349/dataset_manifest.json,base-or-copy
dataset_manifest,91,SCRIPTS/Paper outcomes RESTART-4 RUNTIME-ARCHIVE/GEM-MALEK-PHENIX/parallel_runs/kingmalek/kingmalek-md-readme-zip-afaf0136e9/dataset_manifest.json,base-or-copy
dataset_manifest,91,SCRIPTS/Paper outcomes RESTART-4 RUNTIME-ARCHIVE/GEM-MALEK-PHENIX/parallel_runs/phenix-realized/phenixking-md-readme-zip-afaf0136e9/dataset_manifest.json,base-or-copy
dataset_manifest,91,SCRIPTS/Paper outcomes RESTART-4 RUNTIME-ARCHIVE/GEM-MALEK-PHENIX/parallel_runs/phenix-wrapper/parallel-phenixking-wrapper-5861bc1349/dataset_manifest.json,base-or-copy
dataset_manifest,91,SCRIPTS/Paper outcomes RESTART-4 RUNTIME-ARCHIVE/governance_master_runs/ag-runner-md-readme-master-pass-2426d4903d/dataset_manifest.json,base-or-copy
dataset_manifest,91,SCRIPTS/Paper outcomes RESTART-4 RUNTIME-ARCHIVE/governance_master_runs/unified-master-pass-6ec0473575/dataset_manifest.json,base-or-copy
dataset_manifest,91,SCRIPTS/Paper outcomes RESTART-4 RUNTIME-ARCHIVE/governance_master_runs/unified-master-pass-v2-6ec0473575/dataset_manifest.json,base-or-copy
dataset_manifest,91,SCRIPTS/Paper outcomes RESTART-4 TESTS/continued-inference/pass1/restart4-infer-pass1-f1bd5f1c44/dataset_manifest.json,base-or-copy
dataset_manifest,91,SCRIPTS/Paper outcomes RESTART-4 TESTS/continued-inference/pass2/restart4-infer-pass2-51cc8d8908/dataset_manifest.json,base-or-copy
dataset_manifest,91,SCRIPTS/Paper outcomes RESTART-4 TESTS/continued-inference/pass3/restart4-infer-pass3-f91050eb29/dataset_manifest.json,base-or-copy
dataset_manifest,91,SCRIPTS/Paper outcomes RESTART-4 TESTS/final-from-last-three/restart4-final-from-last-three-8ded9385d9/dataset_manifest.json,base-or-copy
dataset_manifest,91,SCRIPTS/Paper outcomes RESTART-4 TESTS/master/restart4-corrected-master-c35d594f4c/dataset_manifest.json,base-or-copy
dataset_manifest,91,SCRIPTS/Paper outcomes RESTART-4 TESTS/master/restart4-corrected-master-v2-0d39e54855/dataset_manifest.json,base-or-copy
dataset_manifest,91,SCRIPTS/Paper outcomes RESTART-4 TESTS/next-pass-master/restart4-next-pass-f527d45b9b/dataset_manifest.json,base-or-copy
dataset_manifest,91,SCRIPTS/Paper outcomes RESTART-4 TESTS/runner/restart4-corrected-runner-c35d594f4c/dataset_manifest.json,base-or-copy
dataset_manifest,91,SCRIPTS/Paper outcomes RESTART-4 TESTS/runner/restart4-corrected-runner-v2-0d39e54855/dataset_manifest.json,base-or-copy
dataset_manifest,91,SCRIPTS/Paper outcomes RESTART/AG-runner/governance_runs/ag-runner-md-with-readme-key-2426d4903d/dataset_manifest.json,base-or-copy
dataset_manifest,91,SCRIPTS/Paper outcomes RESTART/GEM-MALEK-PHENIX/debug_runs/kingmalek/debug-kingmalek-smoke-16a6b2387f/dataset_manifest.json,base-or-copy
dataset_manifest,91,SCRIPTS/Paper outcomes RESTART/GEM-MALEK-PHENIX/debug_runs/phenix/debug-phenixking-smoke-16a6b2387f/dataset_manifest.json,base-or-copy
dataset_manifest,91,SCRIPTS/Paper outcomes RESTART/GEM-MALEK-PHENIX/parallel_runs/kingmalek-wrapper/parallel-kingmalek-wrapper-5861bc1349/dataset_manifest.json,base-or-copy
dataset_manifest,91,SCRIPTS/Paper outcomes RESTART/GEM-MALEK-PHENIX/parallel_runs/kingmalek/kingmalek-md-readme-zip-afaf0136e9/dataset_manifest.json,base-or-copy
dataset_manifest,91,SCRIPTS/Paper outcomes RESTART/GEM-MALEK-PHENIX/parallel_runs/phenix-realized/phenixking-md-readme-zip-afaf0136e9/dataset_manifest.json,base-or-copy
dataset_manifest,91,SCRIPTS/Paper outcomes RESTART/GEM-MALEK-PHENIX/parallel_runs/phenix-wrapper/parallel-phenixking-wrapper-5861bc1349/dataset_manifest.json,base-or-copy
dataset_manifest,91,SCRIPTS/Paper outcomes RESTART/governance_master_runs/ag-runner-md-readme-master-pass-2426d4903d/dataset_manifest.json,base-or-copy
dataset_manifest,91,SCRIPTS/Paper outcomes RESTART/governance_master_runs/unified-master-pass-6ec0473575/dataset_manifest.json,base-or-copy
dataset_manifest,91,SCRIPTS/Paper outcomes RESTART/governance_master_runs/unified-master-pass-v2-6ec0473575/dataset_manifest.json,base-or-copy
dataset_manifest,91,SCRIPTS/Paper outcomes ROUND2 TESTS/kingmalek/round2-kingmalek-e9baa5535f/dataset_manifest.json,base-or-copy
dataset_manifest,91,SCRIPTS/Paper outcomes ROUND2 TESTS/master/round2-master-e9baa5535f/dataset_manifest.json,base-or-copy
dataset_manifest,91,SCRIPTS/Paper outcomes ROUND2 TESTS/pharos/round2-pharos-e9baa5535f/dataset_manifest.json,base-or-copy
dataset_manifest,91,SCRIPTS/Paper outcomes ROUND2 TESTS/phenixking/round2-phenixking-e9baa5535f/dataset_manifest.json,base-or-copy
dataset_manifest,91,SCRIPTS/Paper outcomes ROUND2 TESTS/runner/round2-runner-e9baa5535f/dataset_manifest.json,base-or-copy
dataset_manifest,91,SCRIPTS/Paper outcomes ROUND2 TESTS/salomon/round2-salomon-e9baa5535f/dataset_manifest.json,base-or-copy
dataset_manifest,91,SCRIPTS/Paper outcomes ROUND2/AG-runner/governance_runs/ag-runner-md-with-readme-key-2426d4903d/dataset_manifest.json,base-or-copy
dataset_manifest,91,SCRIPTS/Paper outcomes ROUND2/GEM-MALEK-PHENIX/debug_runs/kingmalek/debug-kingmalek-smoke-16a6b2387f/dataset_manifest.json,base-or-copy
dataset_manifest,91,SCRIPTS/Paper outcomes ROUND2/GEM-MALEK-PHENIX/debug_runs/phenix/debug-phenixking-smoke-16a6b2387f/dataset_manifest.json,base-or-copy
dataset_manifest,91,SCRIPTS/Paper outcomes ROUND2/GEM-MALEK-PHENIX/parallel_runs/kingmalek-wrapper/parallel-kingmalek-wrapper-5861bc1349/dataset_manifest.json,base-or-copy
dataset_manifest,91,SCRIPTS/Paper outcomes ROUND2/GEM-MALEK-PHENIX/parallel_runs/kingmalek/kingmalek-md-readme-zip-afaf0136e9/dataset_manifest.json,base-or-copy
dataset_manifest,91,SCRIPTS/Paper outcomes ROUND2/GEM-MALEK-PHENIX/parallel_runs/phenix-realized/phenixking-md-readme-zip-afaf0136e9/dataset_manifest.json,base-or-copy
dataset_manifest,91,SCRIPTS/Paper outcomes ROUND2/GEM-MALEK-PHENIX/parallel_runs/phenix-wrapper/parallel-phenixking-wrapper-5861bc1349/dataset_manifest.json,base-or-copy
dataset_manifest,91,SCRIPTS/Paper outcomes ROUND2/governance_master_runs/ag-runner-md-readme-master-pass-2426d4903d/dataset_manifest.json,base-or-copy
dataset_manifest,91,SCRIPTS/Paper outcomes ROUND2/governance_master_runs/unified-master-pass-6ec0473575/dataset_manifest.json,base-or-copy
dataset_manifest,91,SCRIPTS/Paper outcomes ROUND2/governance_master_runs/unified-master-pass-v2-6ec0473575/dataset_manifest.json,base-or-copy
dataset_manifest,91,SCRIPTS/Paper outcomes/AG-runner/governance_runs/ag-runner-md-with-readme-key-2426d4903d/dataset_manifest.json,base-or-copy
dataset_manifest,91,SCRIPTS/Paper outcomes/GEM-MALEK-PHENIX/debug_runs/kingmalek/debug-kingmalek-smoke-16a6b2387f/dataset_manifest.json,base-or-copy
dataset_manifest,91,SCRIPTS/Paper outcomes/GEM-MALEK-PHENIX/debug_runs/phenix/debug-phenixking-smoke-16a6b2387f/dataset_manifest.json,base-or-copy
dataset_manifest,91,SCRIPTS/Paper outcomes/GEM-MALEK-PHENIX/parallel_runs/kingmalek-wrapper/parallel-kingmalek-wrapper-5861bc1349/dataset_manifest.json,base-or-copy
dataset_manifest,91,SCRIPTS/Paper outcomes/GEM-MALEK-PHENIX/parallel_runs/kingmalek/kingmalek-md-readme-zip-afaf0136e9/dataset_manifest.json,base-or-copy
dataset_manifest,91,SCRIPTS/Paper outcomes/GEM-MALEK-PHENIX/parallel_runs/phenix-realized/phenixking-md-readme-zip-afaf0136e9/dataset_manifest.json,base-or-copy
dataset_manifest,91,SCRIPTS/Paper outcomes/GEM-MALEK-PHENIX/parallel_runs/phenix-wrapper/parallel-phenixking-wrapper-5861bc1349/dataset_manifest.json,base-or-copy
dataset_manifest,91,SCRIPTS/Paper outcomes/governance_master_runs/ag-runner-md-readme-master-pass-2426d4903d/dataset_manifest.json,base-or-copy
dataset_manifest,91,SCRIPTS/Paper outcomes/governance_master_runs/unified-master-pass-6ec0473575/dataset_manifest.json,base-or-copy
dataset_manifest,91,SCRIPTS/Paper outcomes/governance_master_runs/unified-master-pass-v2-6ec0473575/dataset_manifest.json,base-or-copy
dataset_manifest,91,governance_runs/pass-recalibration-check-2-f6c44dfa4d/dataset_manifest.json,base-or-copy
dataset_manifest,91,governance_runs/pass-recalibration-check-3-f6c44dfa4d/dataset_manifest.json,base-or-copy
dataset_manifest,91,governance_runs/pass-recalibration-check-f6c44dfa4d/dataset_manifest.json,base-or-copy
dataset_manifest,91,governance_runs/prechange-smoke-f6c44dfa4d/dataset_manifest.json,base-or-copy
dataset_manifest,91,governance_runs/recurso-3c6266f59b/dataset_manifest.json,base-or-copy
evidence_packet,91,SCRIPTS/Paper outcomes RESTART TESTS/kingmalek/restart-kingmalek-00297d4e97/evidence_packet.md,base-or-copy
evidence_packet,91,SCRIPTS/Paper outcomes RESTART TESTS/master/restart-master-00297d4e97/evidence_packet.md,base-or-copy
evidence_packet,91,SCRIPTS/Paper outcomes RESTART TESTS/next-pass-master/restart-next-pass-97c87f3d4c/evidence_packet.md,base-or-copy
evidence_packet,91,SCRIPTS/Paper outcomes RESTART TESTS/pharos/restart-pharos-00297d4e97/evidence_packet.md,base-or-copy
evidence_packet,91,SCRIPTS/Paper outcomes RESTART TESTS/phenixking/restart-phenixking-00297d4e97/evidence_packet.md,base-or-copy
evidence_packet,91,SCRIPTS/Paper outcomes RESTART TESTS/runner/restart-runner-00297d4e97/evidence_packet.md,base-or-copy
evidence_packet,91,SCRIPTS/Paper outcomes RESTART TESTS/salomon/restart-salomon-00297d4e97/evidence_packet.md,base-or-copy
evidence_packet,91,SCRIPTS/Paper outcomes RESTART-2 TESTS/master/restart2-master-6eed7729eb/evidence_packet.md,base-or-copy
evidence_packet,91,SCRIPTS/Paper outcomes RESTART-2 TESTS/runner/restart2-runner-6eed7729eb/evidence_packet.md,base-or-copy
evidence_packet,91,SCRIPTS/Paper outcomes RESTART-2/AG-runner/governance_runs/ag-runner-md-with-readme-key-2426d4903d/evidence_packet.md,base-or-copy
evidence_packet,91,SCRIPTS/Paper outcomes RESTART-2/GEM-MALEK-PHENIX/debug_runs/kingmalek/debug-kingmalek-smoke-16a6b2387f/evidence_packet.md,base-or-copy
evidence_packet,91,SCRIPTS/Paper outcomes RESTART-2/GEM-MALEK-PHENIX/debug_runs/phenix/debug-phenixking-smoke-16a6b2387f/evidence_packet.md,base-or-copy
evidence_packet,91,SCRIPTS/Paper outcomes RESTART-2/GEM-MALEK-PHENIX/parallel_runs/kingmalek-wrapper/parallel-kingmalek-wrapper-5861bc1349/evidence_packet.md,base-or-copy
evidence_packet,91,SCRIPTS/Paper outcomes RESTART-2/GEM-MALEK-PHENIX/parallel_runs/kingmalek/kingmalek-md-readme-zip-afaf0136e9/evidence_packet.md,base-or-copy
evidence_packet,91,SCRIPTS/Paper outcomes RESTART-2/GEM-MALEK-PHENIX/parallel_runs/phenix-realized/phenixking-md-readme-zip-afaf0136e9/evidence_packet.md,base-or-copy
evidence_packet,91,SCRIPTS/Paper outcomes RESTART-2/GEM-MALEK-PHENIX/parallel_runs/phenix-wrapper/parallel-phenixking-wrapper-5861bc1349/evidence_packet.md,base-or-copy
evidence_packet,91,SCRIPTS/Paper outcomes RESTART-2/governance_master_runs/ag-runner-md-readme-master-pass-2426d4903d/evidence_packet.md,base-or-copy
evidence_packet,91,SCRIPTS/Paper outcomes RESTART-2/governance_master_runs/unified-master-pass-6ec0473575/evidence_packet.md,base-or-copy
evidence_packet,91,SCRIPTS/Paper outcomes RESTART-2/governance_master_runs/unified-master-pass-v2-6ec0473575/evidence_packet.md,base-or-copy
evidence_packet,91,SCRIPTS/Paper outcomes RESTART-3 TESTS/master/restart3-master-34adc61c1a/evidence_packet.md,base-or-copy
evidence_packet,91,SCRIPTS/Paper outcomes RESTART-3 TESTS/runner/restart3-runner-34adc61c1a/evidence_packet.md,base-or-copy
evidence_packet,91,SCRIPTS/Paper outcomes RESTART-3/AG-runner/governance_runs/ag-runner-md-with-readme-key-2426d4903d/evidence_packet.md,base-or-copy
evidence_packet,91,SCRIPTS/Paper outcomes RESTART-3/GEM-MALEK-PHENIX/debug_runs/kingmalek/debug-kingmalek-smoke-16a6b2387f/evidence_packet.md,base-or-copy
evidence_packet,91,SCRIPTS/Paper outcomes RESTART-3/GEM-MALEK-PHENIX/debug_runs/phenix/debug-phenixking-smoke-16a6b2387f/evidence_packet.md,base-or-copy
evidence_packet,91,SCRIPTS/Paper outcomes RESTART-3/GEM-MALEK-PHENIX/parallel_runs/kingmalek-wrapper/parallel-kingmalek-wrapper-5861bc1349/evidence_packet.md,base-or-copy
evidence_packet,91,SCRIPTS/Paper outcomes RESTART-3/GEM-MALEK-PHENIX/parallel_runs/kingmalek/kingmalek-md-readme-zip-afaf0136e9/evidence_packet.md,base-or-copy
evidence_packet,91,SCRIPTS/Paper outcomes RESTART-3/GEM-MALEK-PHENIX/parallel_runs/phenix-realized/phenixking-md-readme-zip-afaf0136e9/evidence_packet.md,base-or-copy
evidence_packet,91,SCRIPTS/Paper outcomes RESTART-3/GEM-MALEK-PHENIX/parallel_runs/phenix-wrapper/parallel-phenixking-wrapper-5861bc1349/evidence_packet.md,base-or-copy
evidence_packet,91,SCRIPTS/Paper outcomes RESTART-3/governance_master_runs/ag-runner-md-readme-master-pass-2426d4903d/evidence_packet.md,base-or-copy
evidence_packet,91,SCRIPTS/Paper outcomes RESTART-3/governance_master_runs/unified-master-pass-6ec0473575/evidence_packet.md,base-or-copy
evidence_packet,91,SCRIPTS/Paper outcomes RESTART-3/governance_master_runs/unified-master-pass-v2-6ec0473575/evidence_packet.md,base-or-copy
evidence_packet,91,SCRIPTS/Paper outcomes RESTART-4 RUNTIME-ARCHIVE/AG-runner/governance_runs/ag-runner-md-with-readme-key-2426d4903d/evidence_packet.md,base-or-copy
evidence_packet,91,SCRIPTS/Paper outcomes RESTART-4 RUNTIME-ARCHIVE/GEM-MALEK-PHENIX/debug_runs/kingmalek/debug-kingmalek-smoke-16a6b2387f/evidence_packet.md,base-or-copy
evidence_packet,91,SCRIPTS/Paper outcomes RESTART-4 RUNTIME-ARCHIVE/GEM-MALEK-PHENIX/debug_runs/phenix/debug-phenixking-smoke-16a6b2387f/evidence_packet.md,base-or-copy
evidence_packet,91,SCRIPTS/Paper outcomes RESTART-4 RUNTIME-ARCHIVE/GEM-MALEK-PHENIX/parallel_runs/kingmalek-wrapper/parallel-kingmalek-wrapper-5861bc1349/evidence_packet.md,base-or-copy
evidence_packet,91,SCRIPTS/Paper outcomes RESTART-4 RUNTIME-ARCHIVE/GEM-MALEK-PHENIX/parallel_runs/kingmalek/kingmalek-md-readme-zip-afaf0136e9/evidence_packet.md,base-or-copy
evidence_packet,91,SCRIPTS/Paper outcomes RESTART-4 RUNTIME-ARCHIVE/GEM-MALEK-PHENIX/parallel_runs/phenix-realized/phenixking-md-readme-zip-afaf0136e9/evidence_packet.md,base-or-copy
evidence_packet,91,SCRIPTS/Paper outcomes RESTART-4 RUNTIME-ARCHIVE/GEM-MALEK-PHENIX/parallel_runs/phenix-wrapper/parallel-phenixking-wrapper-5861bc1349/evidence_packet.md,base-or-copy
evidence_packet,91,SCRIPTS/Paper outcomes RESTART-4 RUNTIME-ARCHIVE/governance_master_runs/ag-runner-md-readme-master-pass-2426d4903d/evidence_packet.md,base-or-copy
evidence_packet,91,SCRIPTS/Paper outcomes RESTART-4 RUNTIME-ARCHIVE/governance_master_runs/unified-master-pass-6ec0473575/evidence_packet.md,base-or-copy
evidence_packet,91,SCRIPTS/Paper outcomes RESTART-4 RUNTIME-ARCHIVE/governance_master_runs/unified-master-pass-v2-6ec0473575/evidence_packet.md,base-or-copy
evidence_packet,91,SCRIPTS/Paper outcomes RESTART-4 TESTS/continued-inference/pass1/restart4-infer-pass1-f1bd5f1c44/evidence_packet.md,base-or-copy
evidence_packet,91,SCRIPTS/Paper outcomes RESTART-4 TESTS/continued-inference/pass2/restart4-infer-pass2-51cc8d8908/evidence_packet.md,base-or-copy
evidence_packet,91,SCRIPTS/Paper outcomes RESTART-4 TESTS/continued-inference/pass3/restart4-infer-pass3-f91050eb29/evidence_packet.md,base-or-copy
evidence_packet,91,SCRIPTS/Paper outcomes RESTART-4 TESTS/final-from-last-three/restart4-final-from-last-three-8ded9385d9/evidence_packet.md,base-or-copy
evidence_packet,91,SCRIPTS/Paper outcomes RESTART-4 TESTS/master/restart4-corrected-master-c35d594f4c/evidence_packet.md,base-or-copy
evidence_packet,91,SCRIPTS/Paper outcomes RESTART-4 TESTS/master/restart4-corrected-master-v2-0d39e54855/evidence_packet.md,base-or-copy
evidence_packet,91,SCRIPTS/Paper outcomes RESTART-4 TESTS/next-pass-master/restart4-next-pass-f527d45b9b/evidence_packet.md,base-or-copy
evidence_packet,91,SCRIPTS/Paper outcomes RESTART-4 TESTS/runner/restart4-corrected-runner-c35d594f4c/evidence_packet.md,base-or-copy
evidence_packet,91,SCRIPTS/Paper outcomes RESTART-4 TESTS/runner/restart4-corrected-runner-v2-0d39e54855/evidence_packet.md,base-or-copy
evidence_packet,91,SCRIPTS/Paper outcomes RESTART/AG-runner/governance_runs/ag-runner-md-with-readme-key-2426d4903d/evidence_packet.md,base-or-copy
evidence_packet,91,SCRIPTS/Paper outcomes RESTART/GEM-MALEK-PHENIX/debug_runs/kingmalek/debug-kingmalek-smoke-16a6b2387f/evidence_packet.md,base-or-copy
evidence_packet,91,SCRIPTS/Paper outcomes RESTART/GEM-MALEK-PHENIX/debug_runs/phenix/debug-phenixking-smoke-16a6b2387f/evidence_packet.md,base-or-copy
evidence_packet,91,SCRIPTS/Paper outcomes RESTART/GEM-MALEK-PHENIX/parallel_runs/kingmalek-wrapper/parallel-kingmalek-wrapper-5861bc1349/evidence_packet.md,base-or-copy
evidence_packet,91,SCRIPTS/Paper outcomes RESTART/GEM-MALEK-PHENIX/parallel_runs/kingmalek/kingmalek-md-readme-zip-afaf0136e9/evidence_packet.md,base-or-copy
evidence_packet,91,SCRIPTS/Paper outcomes RESTART/GEM-MALEK-PHENIX/parallel_runs/phenix-realized/phenixking-md-readme-zip-afaf0136e9/evidence_packet.md,base-or-copy
evidence_packet,91,SCRIPTS/Paper outcomes RESTART/GEM-MALEK-PHENIX/parallel_runs/phenix-wrapper/parallel-phenixking-wrapper-5861bc1349/evidence_packet.md,base-or-copy
evidence_packet,91,SCRIPTS/Paper outcomes RESTART/governance_master_runs/ag-runner-md-readme-master-pass-2426d4903d/evidence_packet.md,base-or-copy
evidence_packet,91,SCRIPTS/Paper outcomes RESTART/governance_master_runs/unified-master-pass-6ec0473575/evidence_packet.md,base-or-copy
evidence_packet,91,SCRIPTS/Paper outcomes RESTART/governance_master_runs/unified-master-pass-v2-6ec0473575/evidence_packet.md,base-or-copy
evidence_packet,91,SCRIPTS/Paper outcomes ROUND2 TESTS/kingmalek/round2-kingmalek-e9baa5535f/evidence_packet.md,base-or-copy
evidence_packet,91,SCRIPTS/Paper outcomes ROUND2 TESTS/master/round2-master-e9baa5535f/evidence_packet.md,base-or-copy
evidence_packet,91,SCRIPTS/Paper outcomes ROUND2 TESTS/pharos/round2-pharos-e9baa5535f/evidence_packet.md,base-or-copy
evidence_packet,91,SCRIPTS/Paper outcomes ROUND2 TESTS/phenixking/round2-phenixking-e9baa5535f/evidence_packet.md,base-or-copy
evidence_packet,91,SCRIPTS/Paper outcomes ROUND2 TESTS/runner/round2-runner-e9baa5535f/evidence_packet.md,base-or-copy
evidence_packet,91,SCRIPTS/Paper outcomes ROUND2 TESTS/salomon/round2-salomon-e9baa5535f/evidence_packet.md,base-or-copy
evidence_packet,91,SCRIPTS/Paper outcomes ROUND2/AG-runner/governance_runs/ag-runner-md-with-readme-key-2426d4903d/evidence_packet.md,base-or-copy
evidence_packet,91,SCRIPTS/Paper outcomes ROUND2/GEM-MALEK-PHENIX/debug_runs/kingmalek/debug-kingmalek-smoke-16a6b2387f/evidence_packet.md,base-or-copy
evidence_packet,91,SCRIPTS/Paper outcomes ROUND2/GEM-MALEK-PHENIX/debug_runs/phenix/debug-phenixking-smoke-16a6b2387f/evidence_packet.md,base-or-copy
evidence_packet,91,SCRIPTS/Paper outcomes ROUND2/GEM-MALEK-PHENIX/parallel_runs/kingmalek-wrapper/parallel-kingmalek-wrapper-5861bc1349/evidence_packet.md,base-or-copy
evidence_packet,91,SCRIPTS/Paper outcomes ROUND2/GEM-MALEK-PHENIX/parallel_runs/kingmalek/kingmalek-md-readme-zip-afaf0136e9/evidence_packet.md,base-or-copy
evidence_packet,91,SCRIPTS/Paper outcomes ROUND2/GEM-MALEK-PHENIX/parallel_runs/phenix-realized/phenixking-md-readme-zip-afaf0136e9/evidence_packet.md,base-or-copy
evidence_packet,91,SCRIPTS/Paper outcomes ROUND2/GEM-MALEK-PHENIX/parallel_runs/phenix-wrapper/parallel-phenixking-wrapper-5861bc1349/evidence_packet.md,base-or-copy
evidence_packet,91,SCRIPTS/Paper outcomes ROUND2/governance_master_runs/ag-runner-md-readme-master-pass-2426d4903d/evidence_packet.md,base-or-copy
evidence_packet,91,SCRIPTS/Paper outcomes ROUND2/governance_master_runs/unified-master-pass-6ec0473575/evidence_packet.md,base-or-copy
evidence_packet,91,SCRIPTS/Paper outcomes ROUND2/governance_master_runs/unified-master-pass-v2-6ec0473575/evidence_packet.md,base-or-copy
evidence_packet,91,SCRIPTS/Paper outcomes/AG-runner/governance_runs/ag-runner-md-with-readme-key-2426d4903d/evidence_packet.md,base-or-copy
evidence_packet,91,SCRIPTS/Paper outcomes/GEM-MALEK-PHENIX/debug_runs/kingmalek/debug-kingmalek-smoke-16a6b2387f/evidence_packet.md,base-or-copy
evidence_packet,91,SCRIPTS/Paper outcomes/GEM-MALEK-PHENIX/debug_runs/phenix/debug-phenixking-smoke-16a6b2387f/evidence_packet.md,base-or-copy
evidence_packet,91,SCRIPTS/Paper outcomes/GEM-MALEK-PHENIX/parallel_runs/kingmalek-wrapper/parallel-kingmalek-wrapper-5861bc1349/evidence_packet.md,base-or-copy
evidence_packet,91,SCRIPTS/Paper outcomes/GEM-MALEK-PHENIX/parallel_runs/kingmalek/kingmalek-md-readme-zip-afaf0136e9/evidence_packet.md,base-or-copy
evidence_packet,91,SCRIPTS/Paper outcomes/GEM-MALEK-PHENIX/parallel_runs/phenix-realized/phenixking-md-readme-zip-afaf0136e9/evidence_packet.md,base-or-copy
evidence_packet,91,SCRIPTS/Paper outcomes/GEM-MALEK-PHENIX/parallel_runs/phenix-wrapper/parallel-phenixking-wrapper-5861bc1349/evidence_packet.md,base-or-copy
evidence_packet,91,SCRIPTS/Paper outcomes/governance_master_runs/ag-runner-md-readme-master-pass-2426d4903d/evidence_packet.md,base-or-copy
evidence_packet,91,SCRIPTS/Paper outcomes/governance_master_runs/unified-master-pass-6ec0473575/evidence_packet.md,base-or-copy
evidence_packet,91,SCRIPTS/Paper outcomes/governance_master_runs/unified-master-pass-v2-6ec0473575/evidence_packet.md,base-or-copy
evidence_packet,91,governance_runs/pass-recalibration-check-2-f6c44dfa4d/evidence_packet.md,base-or-copy
evidence_packet,91,governance_runs/pass-recalibration-check-3-f6c44dfa4d/evidence_packet.md,base-or-copy
evidence_packet,91,governance_runs/pass-recalibration-check-f6c44dfa4d/evidence_packet.md,base-or-copy
evidence_packet,91,governance_runs/prechange-smoke-f6c44dfa4d/evidence_packet.md,base-or-copy
evidence_packet,91,governance_runs/recurso-3c6266f59b/evidence_packet.md,base-or-copy
claim_bridge,54,SCRIPTS/Paper outcomes RESTART TESTS/master/restart-master-00297d4e97/claim_bridge.json,base-or-copy
claim_bridge,54,SCRIPTS/Paper outcomes RESTART TESTS/next-pass-master/restart-next-pass-97c87f3d4c/claim_bridge.json,base-or-copy
claim_bridge,54,SCRIPTS/Paper outcomes RESTART TESTS/pharos/restart-pharos-00297d4e97/claim_bridge.json,base-or-copy
claim_bridge,54,SCRIPTS/Paper outcomes RESTART TESTS/phenixking/restart-phenixking-00297d4e97/claim_bridge.json,base-or-copy
claim_bridge,54,SCRIPTS/Paper outcomes RESTART TESTS/salomon/restart-salomon-00297d4e97/claim_bridge.json,base-or-copy
claim_bridge,54,SCRIPTS/Paper outcomes RESTART-2 TESTS/master/restart2-master-6eed7729eb/claim_bridge.json,base-or-copy
claim_bridge,54,SCRIPTS/Paper outcomes RESTART-2/GEM-MALEK-PHENIX/debug_runs/phenix/debug-phenixking-smoke-16a6b2387f/claim_bridge.json,base-or-copy
claim_bridge,54,SCRIPTS/Paper outcomes RESTART-2/GEM-MALEK-PHENIX/parallel_runs/phenix-realized/phenixking-md-readme-zip-afaf0136e9/claim_bridge.json,base-or-copy
claim_bridge,54,SCRIPTS/Paper outcomes RESTART-2/GEM-MALEK-PHENIX/parallel_runs/phenix-wrapper/parallel-phenixking-wrapper-5861bc1349/claim_bridge.json,base-or-copy
claim_bridge,54,SCRIPTS/Paper outcomes RESTART-2/governance_master_runs/ag-runner-md-readme-master-pass-2426d4903d/claim_bridge.json,base-or-copy
claim_bridge,54,SCRIPTS/Paper outcomes RESTART-2/governance_master_runs/unified-master-pass-6ec0473575/claim_bridge.json,base-or-copy
claim_bridge,54,SCRIPTS/Paper outcomes RESTART-2/governance_master_runs/unified-master-pass-v2-6ec0473575/claim_bridge.json,base-or-copy
claim_bridge,54,SCRIPTS/Paper outcomes RESTART-3 TESTS/master/restart3-master-34adc61c1a/claim_bridge.json,base-or-copy
claim_bridge,54,SCRIPTS/Paper outcomes RESTART-3/GEM-MALEK-PHENIX/debug_runs/phenix/debug-phenixking-smoke-16a6b2387f/claim_bridge.json,base-or-copy
claim_bridge,54,SCRIPTS/Paper outcomes RESTART-3/GEM-MALEK-PHENIX/parallel_runs/phenix-realized/phenixking-md-readme-zip-afaf0136e9/claim_bridge.json,base-or-copy
claim_bridge,54,SCRIPTS/Paper outcomes RESTART-3/GEM-MALEK-PHENIX/parallel_runs/phenix-wrapper/parallel-phenixking-wrapper-5861bc1349/claim_bridge.json,base-or-copy
claim_bridge,54,SCRIPTS/Paper outcomes RESTART-3/governance_master_runs/ag-runner-md-readme-master-pass-2426d4903d/claim_bridge.json,base-or-copy
claim_bridge,54,SCRIPTS/Paper outcomes RESTART-3/governance_master_runs/unified-master-pass-6ec0473575/claim_bridge.json,base-or-copy
claim_bridge,54,SCRIPTS/Paper outcomes RESTART-3/governance_master_runs/unified-master-pass-v2-6ec0473575/claim_bridge.json,base-or-copy
claim_bridge,54,SCRIPTS/Paper outcomes RESTART-4 RUNTIME-ARCHIVE/GEM-MALEK-PHENIX/debug_runs/phenix/debug-phenixking-smoke-16a6b2387f/claim_bridge.json,base-or-copy
claim_bridge,54,SCRIPTS/Paper outcomes RESTART-4 RUNTIME-ARCHIVE/GEM-MALEK-PHENIX/parallel_runs/phenix-realized/phenixking-md-readme-zip-afaf0136e9/claim_bridge.json,base-or-copy
claim_bridge,54,SCRIPTS/Paper outcomes RESTART-4 RUNTIME-ARCHIVE/GEM-MALEK-PHENIX/parallel_runs/phenix-wrapper/parallel-phenixking-wrapper-5861bc1349/claim_bridge.json,base-or-copy
claim_bridge,54,SCRIPTS/Paper outcomes RESTART-4 RUNTIME-ARCHIVE/governance_master_runs/ag-runner-md-readme-master-pass-2426d4903d/claim_bridge.json,base-or-copy
claim_bridge,54,SCRIPTS/Paper outcomes RESTART-4 RUNTIME-ARCHIVE/governance_master_runs/unified-master-pass-6ec0473575/claim_bridge.json,base-or-copy
claim_bridge,54,SCRIPTS/Paper outcomes RESTART-4 RUNTIME-ARCHIVE/governance_master_runs/unified-master-pass-v2-6ec0473575/claim_bridge.json,base-or-copy
claim_bridge,54,SCRIPTS/Paper outcomes RESTART-4 TESTS/continued-inference/pass1/restart4-infer-pass1-f1bd5f1c44/claim_bridge.json,base-or-copy
claim_bridge,54,SCRIPTS/Paper outcomes RESTART-4 TESTS/continued-inference/pass2/restart4-infer-pass2-51cc8d8908/claim_bridge.json,base-or-copy
claim_bridge,54,SCRIPTS/Paper outcomes RESTART-4 TESTS/continued-inference/pass3/restart4-infer-pass3-f91050eb29/claim_bridge.json,base-or-copy
claim_bridge,54,SCRIPTS/Paper outcomes RESTART-4 TESTS/final-from-last-three/restart4-final-from-last-three-8ded9385d9/claim_bridge.json,base-or-copy
claim_bridge,54,SCRIPTS/Paper outcomes RESTART-4 TESTS/master/restart4-corrected-master-c35d594f4c/claim_bridge.json,base-or-copy
claim_bridge,54,SCRIPTS/Paper outcomes RESTART-4 TESTS/master/restart4-corrected-master-v2-0d39e54855/claim_bridge.json,base-or-copy
claim_bridge,54,SCRIPTS/Paper outcomes RESTART-4 TESTS/next-pass-master/restart4-next-pass-f527d45b9b/claim_bridge.json,base-or-copy
claim_bridge,54,SCRIPTS/Paper outcomes RESTART/GEM-MALEK-PHENIX/debug_runs/phenix/debug-phenixking-smoke-16a6b2387f/claim_bridge.json,base-or-copy
claim_bridge,54,SCRIPTS/Paper outcomes RESTART/GEM-MALEK-PHENIX/parallel_runs/phenix-realized/phenixking-md-readme-zip-afaf0136e9/claim_bridge.json,base-or-copy
claim_bridge,54,SCRIPTS/Paper outcomes RESTART/GEM-MALEK-PHENIX/parallel_runs/phenix-wrapper/parallel-phenixking-wrapper-5861bc1349/claim_bridge.json,base-or-copy
claim_bridge,54,SCRIPTS/Paper outcomes RESTART/governance_master_runs/ag-runner-md-readme-master-pass-2426d4903d/claim_bridge.json,base-or-copy
claim_bridge,54,SCRIPTS/Paper outcomes RESTART/governance_master_runs/unified-master-pass-6ec0473575/claim_bridge.json,base-or-copy
claim_bridge,54,SCRIPTS/Paper outcomes RESTART/governance_master_runs/unified-master-pass-v2-6ec0473575/claim_bridge.json,base-or-copy
claim_bridge,54,SCRIPTS/Paper outcomes ROUND2 TESTS/master/round2-master-e9baa5535f/claim_bridge.json,base-or-copy
claim_bridge,54,SCRIPTS/Paper outcomes ROUND2 TESTS/pharos/round2-pharos-e9baa5535f/claim_bridge.json,base-or-copy
claim_bridge,54,SCRIPTS/Paper outcomes ROUND2 TESTS/phenixking/round2-phenixking-e9baa5535f/claim_bridge.json,base-or-copy
claim_bridge,54,SCRIPTS/Paper outcomes ROUND2 TESTS/salomon/round2-salomon-e9baa5535f/claim_bridge.json,base-or-copy
claim_bridge,54,SCRIPTS/Paper outcomes ROUND2/GEM-MALEK-PHENIX/debug_runs/phenix/debug-phenixking-smoke-16a6b2387f/claim_bridge.json,base-or-copy
claim_bridge,54,SCRIPTS/Paper outcomes ROUND2/GEM-MALEK-PHENIX/parallel_runs/phenix-realized/phenixking-md-readme-zip-afaf0136e9/claim_bridge.json,base-or-copy
claim_bridge,54,SCRIPTS/Paper outcomes ROUND2/GEM-MALEK-PHENIX/parallel_runs/phenix-wrapper/parallel-phenixking-wrapper-5861bc1349/claim_bridge.json,base-or-copy
claim_bridge,54,SCRIPTS/Paper outcomes ROUND2/governance_master_runs/ag-runner-md-readme-master-pass-2426d4903d/claim_bridge.json,base-or-copy
claim_bridge,54,SCRIPTS/Paper outcomes ROUND2/governance_master_runs/unified-master-pass-6ec0473575/claim_bridge.json,base-or-copy
claim_bridge,54,SCRIPTS/Paper outcomes ROUND2/governance_master_runs/unified-master-pass-v2-6ec0473575/claim_bridge.json,base-or-copy
claim_bridge,54,SCRIPTS/Paper outcomes/GEM-MALEK-PHENIX/debug_runs/phenix/debug-phenixking-smoke-16a6b2387f/claim_bridge.json,base-or-copy
claim_bridge,54,SCRIPTS/Paper outcomes/GEM-MALEK-PHENIX/parallel_runs/phenix-realized/phenixking-md-readme-zip-afaf0136e9/claim_bridge.json,base-or-copy
claim_bridge,54,SCRIPTS/Paper outcomes/GEM-MALEK-PHENIX/parallel_runs/phenix-wrapper/parallel-phenixking-wrapper-5861bc1349/claim_bridge.json,base-or-copy
claim_bridge,54,SCRIPTS/Paper outcomes/governance_master_runs/ag-runner-md-readme-master-pass-2426d4903d/claim_bridge.json,base-or-copy
claim_bridge,54,SCRIPTS/Paper outcomes/governance_master_runs/unified-master-pass-6ec0473575/claim_bridge.json,base-or-copy
claim_bridge,54,SCRIPTS/Paper outcomes/governance_master_runs/unified-master-pass-v2-6ec0473575/claim_bridge.json,base-or-copy
decision_packet,54,SCRIPTS/Paper outcomes RESTART TESTS/master/restart-master-00297d4e97/decision_packet.json,base-or-copy
decision_packet,54,SCRIPTS/Paper outcomes RESTART TESTS/next-pass-master/restart-next-pass-97c87f3d4c/decision_packet.json,base-or-copy
decision_packet,54,SCRIPTS/Paper outcomes RESTART TESTS/pharos/restart-pharos-00297d4e97/decision_packet.json,base-or-copy
decision_packet,54,SCRIPTS/Paper outcomes RESTART TESTS/phenixking/restart-phenixking-00297d4e97/decision_packet.json,base-or-copy
decision_packet,54,SCRIPTS/Paper outcomes RESTART TESTS/salomon/restart-salomon-00297d4e97/decision_packet.json,base-or-copy
decision_packet,54,SCRIPTS/Paper outcomes RESTART-2 TESTS/master/restart2-master-6eed7729eb/decision_packet.json,base-or-copy
decision_packet,54,SCRIPTS/Paper outcomes RESTART-2/GEM-MALEK-PHENIX/debug_runs/phenix/debug-phenixking-smoke-16a6b2387f/decision_packet.json,base-or-copy
decision_packet,54,SCRIPTS/Paper outcomes RESTART-2/GEM-MALEK-PHENIX/parallel_runs/phenix-realized/phenixking-md-readme-zip-afaf0136e9/decision_packet.json,base-or-copy
decision_packet,54,SCRIPTS/Paper outcomes RESTART-2/GEM-MALEK-PHENIX/parallel_runs/phenix-wrapper/parallel-phenixking-wrapper-5861bc1349/decision_packet.json,base-or-copy
decision_packet,54,SCRIPTS/Paper outcomes RESTART-2/governance_master_runs/ag-runner-md-readme-master-pass-2426d4903d/decision_packet.json,base-or-copy
decision_packet,54,SCRIPTS/Paper outcomes RESTART-2/governance_master_runs/unified-master-pass-6ec0473575/decision_packet.json,base-or-copy
decision_packet,54,SCRIPTS/Paper outcomes RESTART-2/governance_master_runs/unified-master-pass-v2-6ec0473575/decision_packet.json,base-or-copy
decision_packet,54,SCRIPTS/Paper outcomes RESTART-3 TESTS/master/restart3-master-34adc61c1a/decision_packet.json,base-or-copy
decision_packet,54,SCRIPTS/Paper outcomes RESTART-3/GEM-MALEK-PHENIX/debug_runs/phenix/debug-phenixking-smoke-16a6b2387f/decision_packet.json,base-or-copy
decision_packet,54,SCRIPTS/Paper outcomes RESTART-3/GEM-MALEK-PHENIX/parallel_runs/phenix-realized/phenixking-md-readme-zip-afaf0136e9/decision_packet.json,base-or-copy
decision_packet,54,SCRIPTS/Paper outcomes RESTART-3/GEM-MALEK-PHENIX/parallel_runs/phenix-wrapper/parallel-phenixking-wrapper-5861bc1349/decision_packet.json,base-or-copy
decision_packet,54,SCRIPTS/Paper outcomes RESTART-3/governance_master_runs/ag-runner-md-readme-master-pass-2426d4903d/decision_packet.json,base-or-copy
decision_packet,54,SCRIPTS/Paper outcomes RESTART-3/governance_master_runs/unified-master-pass-6ec0473575/decision_packet.json,base-or-copy
decision_packet,54,SCRIPTS/Paper outcomes RESTART-3/governance_master_runs/unified-master-pass-v2-6ec0473575/decision_packet.json,base-or-copy
decision_packet,54,SCRIPTS/Paper outcomes RESTART-4 RUNTIME-ARCHIVE/GEM-MALEK-PHENIX/debug_runs/phenix/debug-phenixking-smoke-16a6b2387f/decision_packet.json,base-or-copy
decision_packet,54,SCRIPTS/Paper outcomes RESTART-4 RUNTIME-ARCHIVE/GEM-MALEK-PHENIX/parallel_runs/phenix-realized/phenixking-md-readme-zip-afaf0136e9/decision_packet.json,base-or-copy
decision_packet,54,SCRIPTS/Paper outcomes RESTART-4 RUNTIME-ARCHIVE/GEM-MALEK-PHENIX/parallel_runs/phenix-wrapper/parallel-phenixking-wrapper-5861bc1349/decision_packet.json,base-or-copy
decision_packet,54,SCRIPTS/Paper outcomes RESTART-4 RUNTIME-ARCHIVE/governance_master_runs/ag-runner-md-readme-master-pass-2426d4903d/decision_packet.json,base-or-copy
decision_packet,54,SCRIPTS/Paper outcomes RESTART-4 RUNTIME-ARCHIVE/governance_master_runs/unified-master-pass-6ec0473575/decision_packet.json,base-or-copy
decision_packet,54,SCRIPTS/Paper outcomes RESTART-4 RUNTIME-ARCHIVE/governance_master_runs/unified-master-pass-v2-6ec0473575/decision_packet.json,base-or-copy
decision_packet,54,SCRIPTS/Paper outcomes RESTART-4 TESTS/continued-inference/pass1/restart4-infer-pass1-f1bd5f1c44/decision_packet.json,base-or-copy
decision_packet,54,SCRIPTS/Paper outcomes RESTART-4 TESTS/continued-inference/pass2/restart4-infer-pass2-51cc8d8908/decision_packet.json,base-or-copy
decision_packet,54,SCRIPTS/Paper outcomes RESTART-4 TESTS/continued-inference/pass3/restart4-infer-pass3-f91050eb29/decision_packet.json,base-or-copy
decision_packet,54,SCRIPTS/Paper outcomes RESTART-4 TESTS/final-from-last-three/restart4-final-from-last-three-8ded9385d9/decision_packet.json,base-or-copy
decision_packet,54,SCRIPTS/Paper outcomes RESTART-4 TESTS/master/restart4-corrected-master-c35d594f4c/decision_packet.json,base-or-copy
decision_packet,54,SCRIPTS/Paper outcomes RESTART-4 TESTS/master/restart4-corrected-master-v2-0d39e54855/decision_packet.json,base-or-copy
decision_packet,54,SCRIPTS/Paper outcomes RESTART-4 TESTS/next-pass-master/restart4-next-pass-f527d45b9b/decision_packet.json,base-or-copy
decision_packet,54,SCRIPTS/Paper outcomes RESTART/GEM-MALEK-PHENIX/debug_runs/phenix/debug-phenixking-smoke-16a6b2387f/decision_packet.json,base-or-copy
decision_packet,54,SCRIPTS/Paper outcomes RESTART/GEM-MALEK-PHENIX/parallel_runs/phenix-realized/phenixking-md-readme-zip-afaf0136e9/decision_packet.json,base-or-copy
decision_packet,54,SCRIPTS/Paper outcomes RESTART/GEM-MALEK-PHENIX/parallel_runs/phenix-wrapper/parallel-phenixking-wrapper-5861bc1349/decision_packet.json,base-or-copy
decision_packet,54,SCRIPTS/Paper outcomes RESTART/governance_master_runs/ag-runner-md-readme-master-pass-2426d4903d/decision_packet.json,base-or-copy
decision_packet,54,SCRIPTS/Paper outcomes RESTART/governance_master_runs/unified-master-pass-6ec0473575/decision_packet.json,base-or-copy
decision_packet,54,SCRIPTS/Paper outcomes RESTART/governance_master_runs/unified-master-pass-v2-6ec0473575/decision_packet.json,base-or-copy
decision_packet,54,SCRIPTS/Paper outcomes ROUND2 TESTS/master/round2-master-e9baa5535f/decision_packet.json,base-or-copy
decision_packet,54,SCRIPTS/Paper outcomes ROUND2 TESTS/pharos/round2-pharos-e9baa5535f/decision_packet.json,base-or-copy
decision_packet,54,SCRIPTS/Paper outcomes ROUND2 TESTS/phenixking/round2-phenixking-e9baa5535f/decision_packet.json,base-or-copy
decision_packet,54,SCRIPTS/Paper outcomes ROUND2 TESTS/salomon/round2-salomon-e9baa5535f/decision_packet.json,base-or-copy
decision_packet,54,SCRIPTS/Paper outcomes ROUND2/GEM-MALEK-PHENIX/debug_runs/phenix/debug-phenixking-smoke-16a6b2387f/decision_packet.json,base-or-copy
decision_packet,54,SCRIPTS/Paper outcomes ROUND2/GEM-MALEK-PHENIX/parallel_runs/phenix-realized/phenixking-md-readme-zip-afaf0136e9/decision_packet.json,base-or-copy
decision_packet,54,SCRIPTS/Paper outcomes ROUND2/GEM-MALEK-PHENIX/parallel_runs/phenix-wrapper/parallel-phenixking-wrapper-5861bc1349/decision_packet.json,base-or-copy
decision_packet,54,SCRIPTS/Paper outcomes ROUND2/governance_master_runs/ag-runner-md-readme-master-pass-2426d4903d/decision_packet.json,base-or-copy
decision_packet,54,SCRIPTS/Paper outcomes ROUND2/governance_master_runs/unified-master-pass-6ec0473575/decision_packet.json,base-or-copy
decision_packet,54,SCRIPTS/Paper outcomes ROUND2/governance_master_runs/unified-master-pass-v2-6ec0473575/decision_packet.json,base-or-copy
decision_packet,54,SCRIPTS/Paper outcomes/GEM-MALEK-PHENIX/debug_runs/phenix/debug-phenixking-smoke-16a6b2387f/decision_packet.json,base-or-copy
decision_packet,54,SCRIPTS/Paper outcomes/GEM-MALEK-PHENIX/parallel_runs/phenix-realized/phenixking-md-readme-zip-afaf0136e9/decision_packet.json,base-or-copy
decision_packet,54,SCRIPTS/Paper outcomes/GEM-MALEK-PHENIX/parallel_runs/phenix-wrapper/parallel-phenixking-wrapper-5861bc1349/decision_packet.json,base-or-copy
decision_packet,54,SCRIPTS/Paper outcomes/governance_master_runs/ag-runner-md-readme-master-pass-2426d4903d/decision_packet.json,base-or-copy
decision_packet,54,SCRIPTS/Paper outcomes/governance_master_runs/unified-master-pass-6ec0473575/decision_packet.json,base-or-copy
decision_packet,54,SCRIPTS/Paper outcomes/governance_master_runs/unified-master-pass-v2-6ec0473575/decision_packet.json,base-or-copy
governed_claims,54,SCRIPTS/Paper outcomes RESTART TESTS/master/restart-master-00297d4e97/governed_claims.json,base-or-copy
governed_claims,54,SCRIPTS/Paper outcomes RESTART TESTS/next-pass-master/restart-next-pass-97c87f3d4c/governed_claims.json,base-or-copy
governed_claims,54,SCRIPTS/Paper outcomes RESTART TESTS/pharos/restart-pharos-00297d4e97/governed_claims.json,base-or-copy
governed_claims,54,SCRIPTS/Paper outcomes RESTART TESTS/phenixking/restart-phenixking-00297d4e97/governed_claims.json,base-or-copy
governed_claims,54,SCRIPTS/Paper outcomes RESTART TESTS/salomon/restart-salomon-00297d4e97/governed_claims.json,base-or-copy
governed_claims,54,SCRIPTS/Paper outcomes RESTART-2 TESTS/master/restart2-master-6eed7729eb/governed_claims.json,base-or-copy
governed_claims,54,SCRIPTS/Paper outcomes RESTART-2/GEM-MALEK-PHENIX/debug_runs/phenix/debug-phenixking-smoke-16a6b2387f/governed_claims.json,base-or-copy
governed_claims,54,SCRIPTS/Paper outcomes RESTART-2/GEM-MALEK-PHENIX/parallel_runs/phenix-realized/phenixking-md-readme-zip-afaf0136e9/governed_claims.json,base-or-copy
governed_claims,54,SCRIPTS/Paper outcomes RESTART-2/GEM-MALEK-PHENIX/parallel_runs/phenix-wrapper/parallel-phenixking-wrapper-5861bc1349/governed_claims.json,base-or-copy
governed_claims,54,SCRIPTS/Paper outcomes RESTART-2/governance_master_runs/ag-runner-md-readme-master-pass-2426d4903d/governed_claims.json,base-or-copy
governed_claims,54,SCRIPTS/Paper outcomes RESTART-2/governance_master_runs/unified-master-pass-6ec0473575/governed_claims.json,base-or-copy
governed_claims,54,SCRIPTS/Paper outcomes RESTART-2/governance_master_runs/unified-master-pass-v2-6ec0473575/governed_claims.json,base-or-copy
governed_claims,54,SCRIPTS/Paper outcomes RESTART-3 TESTS/master/restart3-master-34adc61c1a/governed_claims.json,base-or-copy
governed_claims,54,SCRIPTS/Paper outcomes RESTART-3/GEM-MALEK-PHENIX/debug_runs/phenix/debug-phenixking-smoke-16a6b2387f/governed_claims.json,base-or-copy
governed_claims,54,SCRIPTS/Paper outcomes RESTART-3/GEM-MALEK-PHENIX/parallel_runs/phenix-realized/phenixking-md-readme-zip-afaf0136e9/governed_claims.json,base-or-copy
governed_claims,54,SCRIPTS/Paper outcomes RESTART-3/GEM-MALEK-PHENIX/parallel_runs/phenix-wrapper/parallel-phenixking-wrapper-5861bc1349/governed_claims.json,base-or-copy
governed_claims,54,SCRIPTS/Paper outcomes RESTART-3/governance_master_runs/ag-runner-md-readme-master-pass-2426d4903d/governed_claims.json,base-or-copy
governed_claims,54,SCRIPTS/Paper outcomes RESTART-3/governance_master_runs/unified-master-pass-6ec0473575/governed_claims.json,base-or-copy
governed_claims,54,SCRIPTS/Paper outcomes RESTART-3/governance_master_runs/unified-master-pass-v2-6ec0473575/governed_claims.json,base-or-copy
governed_claims,54,SCRIPTS/Paper outcomes RESTART-4 RUNTIME-ARCHIVE/GEM-MALEK-PHENIX/debug_runs/phenix/debug-phenixking-smoke-16a6b2387f/governed_claims.json,base-or-copy
governed_claims,54,SCRIPTS/Paper outcomes RESTART-4 RUNTIME-ARCHIVE/GEM-MALEK-PHENIX/parallel_runs/phenix-realized/phenixking-md-readme-zip-afaf0136e9/governed_claims.json,base-or-copy
governed_claims,54,SCRIPTS/Paper outcomes RESTART-4 RUNTIME-ARCHIVE/GEM-MALEK-PHENIX/parallel_runs/phenix-wrapper/parallel-phenixking-wrapper-5861bc1349/governed_claims.json,base-or-copy
governed_claims,54,SCRIPTS/Paper outcomes RESTART-4 RUNTIME-ARCHIVE/governance_master_runs/ag-runner-md-readme-master-pass-2426d4903d/governed_claims.json,base-or-copy
governed_claims,54,SCRIPTS/Paper outcomes RESTART-4 RUNTIME-ARCHIVE/governance_master_runs/unified-master-pass-6ec0473575/governed_claims.json,base-or-copy
governed_claims,54,SCRIPTS/Paper outcomes RESTART-4 RUNTIME-ARCHIVE/governance_master_runs/unified-master-pass-v2-6ec0473575/governed_claims.json,base-or-copy
governed_claims,54,SCRIPTS/Paper outcomes RESTART-4 TESTS/continued-inference/pass1/restart4-infer-pass1-f1bd5f1c44/governed_claims.json,base-or-copy
governed_claims,54,SCRIPTS/Paper outcomes RESTART-4 TESTS/continued-inference/pass2/restart4-infer-pass2-51cc8d8908/governed_claims.json,base-or-copy
governed_claims,54,SCRIPTS/Paper outcomes RESTART-4 TESTS/continued-inference/pass3/restart4-infer-pass3-f91050eb29/governed_claims.json,base-or-copy
governed_claims,54,SCRIPTS/Paper outcomes RESTART-4 TESTS/final-from-last-three/restart4-final-from-last-three-8ded9385d9/governed_claims.json,base-or-copy
governed_claims,54,SCRIPTS/Paper outcomes RESTART-4 TESTS/master/restart4-corrected-master-c35d594f4c/governed_claims.json,base-or-copy
governed_claims,54,SCRIPTS/Paper outcomes RESTART-4 TESTS/master/restart4-corrected-master-v2-0d39e54855/governed_claims.json,base-or-copy
governed_claims,54,SCRIPTS/Paper outcomes RESTART-4 TESTS/next-pass-master/restart4-next-pass-f527d45b9b/governed_claims.json,base-or-copy
governed_claims,54,SCRIPTS/Paper outcomes RESTART/GEM-MALEK-PHENIX/debug_runs/phenix/debug-phenixking-smoke-16a6b2387f/governed_claims.json,base-or-copy
governed_claims,54,SCRIPTS/Paper outcomes RESTART/GEM-MALEK-PHENIX/parallel_runs/phenix-realized/phenixking-md-readme-zip-afaf0136e9/governed_claims.json,base-or-copy
governed_claims,54,SCRIPTS/Paper outcomes RESTART/GEM-MALEK-PHENIX/parallel_runs/phenix-wrapper/parallel-phenixking-wrapper-5861bc1349/governed_claims.json,base-or-copy
governed_claims,54,SCRIPTS/Paper outcomes RESTART/governance_master_runs/ag-runner-md-readme-master-pass-2426d4903d/governed_claims.json,base-or-copy
governed_claims,54,SCRIPTS/Paper outcomes RESTART/governance_master_runs/unified-master-pass-6ec0473575/governed_claims.json,base-or-copy
governed_claims,54,SCRIPTS/Paper outcomes RESTART/governance_master_runs/unified-master-pass-v2-6ec0473575/governed_claims.json,base-or-copy
governed_claims,54,SCRIPTS/Paper outcomes ROUND2 TESTS/master/round2-master-e9baa5535f/governed_claims.json,base-or-copy
governed_claims,54,SCRIPTS/Paper outcomes ROUND2 TESTS/pharos/round2-pharos-e9baa5535f/governed_claims.json,base-or-copy
governed_claims,54,SCRIPTS/Paper outcomes ROUND2 TESTS/phenixking/round2-phenixking-e9baa5535f/governed_claims.json,base-or-copy
governed_claims,54,SCRIPTS/Paper outcomes ROUND2 TESTS/salomon/round2-salomon-e9baa5535f/governed_claims.json,base-or-copy
governed_claims,54,SCRIPTS/Paper outcomes ROUND2/GEM-MALEK-PHENIX/debug_runs/phenix/debug-phenixking-smoke-16a6b2387f/governed_claims.json,base-or-copy
governed_claims,54,SCRIPTS/Paper outcomes ROUND2/GEM-MALEK-PHENIX/parallel_runs/phenix-realized/phenixking-md-readme-zip-afaf0136e9/governed_claims.json,base-or-copy
governed_claims,54,SCRIPTS/Paper outcomes ROUND2/GEM-MALEK-PHENIX/parallel_runs/phenix-wrapper/parallel-phenixking-wrapper-5861bc1349/governed_claims.json,base-or-copy
governed_claims,54,SCRIPTS/Paper outcomes ROUND2/governance_master_runs/ag-runner-md-readme-master-pass-2426d4903d/governed_claims.json,base-or-copy
governed_claims,54,SCRIPTS/Paper outcomes ROUND2/governance_master_runs/unified-master-pass-6ec0473575/governed_claims.json,base-or-copy
governed_claims,54,SCRIPTS/Paper outcomes ROUND2/governance_master_runs/unified-master-pass-v2-6ec0473575/governed_claims.json,base-or-copy
governed_claims,54,SCRIPTS/Paper outcomes/GEM-MALEK-PHENIX/debug_runs/phenix/debug-phenixking-smoke-16a6b2387f/governed_claims.json,base-or-copy
governed_claims,54,SCRIPTS/Paper outcomes/GEM-MALEK-PHENIX/parallel_runs/phenix-realized/phenixking-md-readme-zip-afaf0136e9/governed_claims.json,base-or-copy
governed_claims,54,SCRIPTS/Paper outcomes/GEM-MALEK-PHENIX/parallel_runs/phenix-wrapper/parallel-phenixking-wrapper-5861bc1349/governed_claims.json,base-or-copy
governed_claims,54,SCRIPTS/Paper outcomes/governance_master_runs/ag-runner-md-readme-master-pass-2426d4903d/governed_claims.json,base-or-copy
governed_claims,54,SCRIPTS/Paper outcomes/governance_master_runs/unified-master-pass-6ec0473575/governed_claims.json,base-or-copy
governed_claims,54,SCRIPTS/Paper outcomes/governance_master_runs/unified-master-pass-v2-6ec0473575/governed_claims.json,base-or-copy
reconciliation,54,SCRIPTS/Paper outcomes RESTART TESTS/master/restart-master-00297d4e97/reconciliation.json,base-or-copy
reconciliation,54,SCRIPTS/Paper outcomes RESTART TESTS/next-pass-master/restart-next-pass-97c87f3d4c/reconciliation.json,base-or-copy
reconciliation,54,SCRIPTS/Paper outcomes RESTART TESTS/pharos/restart-pharos-00297d4e97/reconciliation.json,base-or-copy
reconciliation,54,SCRIPTS/Paper outcomes RESTART TESTS/phenixking/restart-phenixking-00297d4e97/reconciliation.json,base-or-copy
reconciliation,54,SCRIPTS/Paper outcomes RESTART TESTS/salomon/restart-salomon-00297d4e97/reconciliation.json,base-or-copy
reconciliation,54,SCRIPTS/Paper outcomes RESTART-2 TESTS/master/restart2-master-6eed7729eb/reconciliation.json,base-or-copy
reconciliation,54,SCRIPTS/Paper outcomes RESTART-2/GEM-MALEK-PHENIX/debug_runs/phenix/debug-phenixking-smoke-16a6b2387f/reconciliation.json,base-or-copy
reconciliation,54,SCRIPTS/Paper outcomes RESTART-2/GEM-MALEK-PHENIX/parallel_runs/phenix-realized/phenixking-md-readme-zip-afaf0136e9/reconciliation.json,base-or-copy
reconciliation,54,SCRIPTS/Paper outcomes RESTART-2/GEM-MALEK-PHENIX/parallel_runs/phenix-wrapper/parallel-phenixking-wrapper-5861bc1349/reconciliation.json,base-or-copy
reconciliation,54,SCRIPTS/Paper outcomes RESTART-2/governance_master_runs/ag-runner-md-readme-master-pass-2426d4903d/reconciliation.json,base-or-copy
reconciliation,54,SCRIPTS/Paper outcomes RESTART-2/governance_master_runs/unified-master-pass-6ec0473575/reconciliation.json,base-or-copy
reconciliation,54,SCRIPTS/Paper outcomes RESTART-2/governance_master_runs/unified-master-pass-v2-6ec0473575/reconciliation.json,base-or-copy
reconciliation,54,SCRIPTS/Paper outcomes RESTART-3 TESTS/master/restart3-master-34adc61c1a/reconciliation.json,base-or-copy
reconciliation,54,SCRIPTS/Paper outcomes RESTART-3/GEM-MALEK-PHENIX/debug_runs/phenix/debug-phenixking-smoke-16a6b2387f/reconciliation.json,base-or-copy
reconciliation,54,SCRIPTS/Paper outcomes RESTART-3/GEM-MALEK-PHENIX/parallel_runs/phenix-realized/phenixking-md-readme-zip-afaf0136e9/reconciliation.json,base-or-copy
reconciliation,54,SCRIPTS/Paper outcomes RESTART-3/GEM-MALEK-PHENIX/parallel_runs/phenix-wrapper/parallel-phenixking-wrapper-5861bc1349/reconciliation.json,base-or-copy
reconciliation,54,SCRIPTS/Paper outcomes RESTART-3/governance_master_runs/ag-runner-md-readme-master-pass-2426d4903d/reconciliation.json,base-or-copy
reconciliation,54,SCRIPTS/Paper outcomes RESTART-3/governance_master_runs/unified-master-pass-6ec0473575/reconciliation.json,base-or-copy
reconciliation,54,SCRIPTS/Paper outcomes RESTART-3/governance_master_runs/unified-master-pass-v2-6ec0473575/reconciliation.json,base-or-copy
reconciliation,54,SCRIPTS/Paper outcomes RESTART-4 RUNTIME-ARCHIVE/GEM-MALEK-PHENIX/debug_runs/phenix/debug-phenixking-smoke-16a6b2387f/reconciliation.json,base-or-copy
reconciliation,54,SCRIPTS/Paper outcomes RESTART-4 RUNTIME-ARCHIVE/GEM-MALEK-PHENIX/parallel_runs/phenix-realized/phenixking-md-readme-zip-afaf0136e9/reconciliation.json,base-or-copy
reconciliation,54,SCRIPTS/Paper outcomes RESTART-4 RUNTIME-ARCHIVE/GEM-MALEK-PHENIX/parallel_runs/phenix-wrapper/parallel-phenixking-wrapper-5861bc1349/reconciliation.json,base-or-copy
reconciliation,54,SCRIPTS/Paper outcomes RESTART-4 RUNTIME-ARCHIVE/governance_master_runs/ag-runner-md-readme-master-pass-2426d4903d/reconciliation.json,base-or-copy
reconciliation,54,SCRIPTS/Paper outcomes RESTART-4 RUNTIME-ARCHIVE/governance_master_runs/unified-master-pass-6ec0473575/reconciliation.json,base-or-copy
reconciliation,54,SCRIPTS/Paper outcomes RESTART-4 RUNTIME-ARCHIVE/governance_master_runs/unified-master-pass-v2-6ec0473575/reconciliation.json,base-or-copy
reconciliation,54,SCRIPTS/Paper outcomes RESTART-4 TESTS/continued-inference/pass1/restart4-infer-pass1-f1bd5f1c44/reconciliation.json,base-or-copy
reconciliation,54,SCRIPTS/Paper outcomes RESTART-4 TESTS/continued-inference/pass2/restart4-infer-pass2-51cc8d8908/reconciliation.json,base-or-copy
reconciliation,54,SCRIPTS/Paper outcomes RESTART-4 TESTS/continued-inference/pass3/restart4-infer-pass3-f91050eb29/reconciliation.json,base-or-copy
reconciliation,54,SCRIPTS/Paper outcomes RESTART-4 TESTS/final-from-last-three/restart4-final-from-last-three-8ded9385d9/reconciliation.json,base-or-copy
reconciliation,54,SCRIPTS/Paper outcomes RESTART-4 TESTS/master/restart4-corrected-master-c35d594f4c/reconciliation.json,base-or-copy
reconciliation,54,SCRIPTS/Paper outcomes RESTART-4 TESTS/master/restart4-corrected-master-v2-0d39e54855/reconciliation.json,base-or-copy
reconciliation,54,SCRIPTS/Paper outcomes RESTART-4 TESTS/next-pass-master/restart4-next-pass-f527d45b9b/reconciliation.json,base-or-copy
reconciliation,54,SCRIPTS/Paper outcomes RESTART/GEM-MALEK-PHENIX/debug_runs/phenix/debug-phenixking-smoke-16a6b2387f/reconciliation.json,base-or-copy
reconciliation,54,SCRIPTS/Paper outcomes RESTART/GEM-MALEK-PHENIX/parallel_runs/phenix-realized/phenixking-md-readme-zip-afaf0136e9/reconciliation.json,base-or-copy
reconciliation,54,SCRIPTS/Paper outcomes RESTART/GEM-MALEK-PHENIX/parallel_runs/phenix-wrapper/parallel-phenixking-wrapper-5861bc1349/reconciliation.json,base-or-copy
reconciliation,54,SCRIPTS/Paper outcomes RESTART/governance_master_runs/ag-runner-md-readme-master-pass-2426d4903d/reconciliation.json,base-or-copy
reconciliation,54,SCRIPTS/Paper outcomes RESTART/governance_master_runs/unified-master-pass-6ec0473575/reconciliation.json,base-or-copy
reconciliation,54,SCRIPTS/Paper outcomes RESTART/governance_master_runs/unified-master-pass-v2-6ec0473575/reconciliation.json,base-or-copy
reconciliation,54,SCRIPTS/Paper outcomes ROUND2 TESTS/master/round2-master-e9baa5535f/reconciliation.json,base-or-copy
reconciliation,54,SCRIPTS/Paper outcomes ROUND2 TESTS/pharos/round2-pharos-e9baa5535f/reconciliation.json,base-or-copy
reconciliation,54,SCRIPTS/Paper outcomes ROUND2 TESTS/phenixking/round2-phenixking-e9baa5535f/reconciliation.json,base-or-copy
reconciliation,54,SCRIPTS/Paper outcomes ROUND2 TESTS/salomon/round2-salomon-e9baa5535f/reconciliation.json,base-or-copy
reconciliation,54,SCRIPTS/Paper outcomes ROUND2/GEM-MALEK-PHENIX/debug_runs/phenix/debug-phenixking-smoke-16a6b2387f/reconciliation.json,base-or-copy
reconciliation,54,SCRIPTS/Paper outcomes ROUND2/GEM-MALEK-PHENIX/parallel_runs/phenix-realized/phenixking-md-readme-zip-afaf0136e9/reconciliation.json,base-or-copy
reconciliation,54,SCRIPTS/Paper outcomes ROUND2/GEM-MALEK-PHENIX/parallel_runs/phenix-wrapper/parallel-phenixking-wrapper-5861bc1349/reconciliation.json,base-or-copy
reconciliation,54,SCRIPTS/Paper outcomes ROUND2/governance_master_runs/ag-runner-md-readme-master-pass-2426d4903d/reconciliation.json,base-or-copy
reconciliation,54,SCRIPTS/Paper outcomes ROUND2/governance_master_runs/unified-master-pass-6ec0473575/reconciliation.json,base-or-copy
reconciliation,54,SCRIPTS/Paper outcomes ROUND2/governance_master_runs/unified-master-pass-v2-6ec0473575/reconciliation.json,base-or-copy
reconciliation,54,SCRIPTS/Paper outcomes/GEM-MALEK-PHENIX/debug_runs/phenix/debug-phenixking-smoke-16a6b2387f/reconciliation.json,base-or-copy
reconciliation,54,SCRIPTS/Paper outcomes/GEM-MALEK-PHENIX/parallel_runs/phenix-realized/phenixking-md-readme-zip-afaf0136e9/reconciliation.json,base-or-copy
reconciliation,54,SCRIPTS/Paper outcomes/GEM-MALEK-PHENIX/parallel_runs/phenix-wrapper/parallel-phenixking-wrapper-5861bc1349/reconciliation.json,base-or-copy
reconciliation,54,SCRIPTS/Paper outcomes/governance_master_runs/ag-runner-md-readme-master-pass-2426d4903d/reconciliation.json,base-or-copy
reconciliation,54,SCRIPTS/Paper outcomes/governance_master_runs/unified-master-pass-6ec0473575/reconciliation.json,base-or-copy
reconciliation,54,SCRIPTS/Paper outcomes/governance_master_runs/unified-master-pass-v2-6ec0473575/reconciliation.json,base-or-copy
votes,54,SCRIPTS/Paper outcomes RESTART TESTS/master/restart-master-00297d4e97/votes.json,base-or-copy
votes,54,SCRIPTS/Paper outcomes RESTART TESTS/next-pass-master/restart-next-pass-97c87f3d4c/votes.json,base-or-copy
votes,54,SCRIPTS/Paper outcomes RESTART TESTS/pharos/restart-pharos-00297d4e97/votes.json,base-or-copy
votes,54,SCRIPTS/Paper outcomes RESTART TESTS/phenixking/restart-phenixking-00297d4e97/votes.json,base-or-copy
votes,54,SCRIPTS/Paper outcomes RESTART TESTS/salomon/restart-salomon-00297d4e97/votes.json,base-or-copy
votes,54,SCRIPTS/Paper outcomes RESTART-2 TESTS/master/restart2-master-6eed7729eb/votes.json,base-or-copy
votes,54,SCRIPTS/Paper outcomes RESTART-2/GEM-MALEK-PHENIX/debug_runs/phenix/debug-phenixking-smoke-16a6b2387f/votes.json,base-or-copy
votes,54,SCRIPTS/Paper outcomes RESTART-2/GEM-MALEK-PHENIX/parallel_runs/phenix-realized/phenixking-md-readme-zip-afaf0136e9/votes.json,base-or-copy
votes,54,SCRIPTS/Paper outcomes RESTART-2/GEM-MALEK-PHENIX/parallel_runs/phenix-wrapper/parallel-phenixking-wrapper-5861bc1349/votes.json,base-or-copy
votes,54,SCRIPTS/Paper outcomes RESTART-2/governance_master_runs/ag-runner-md-readme-master-pass-2426d4903d/votes.json,base-or-copy
votes,54,SCRIPTS/Paper outcomes RESTART-2/governance_master_runs/unified-master-pass-6ec0473575/votes.json,base-or-copy
votes,54,SCRIPTS/Paper outcomes RESTART-2/governance_master_runs/unified-master-pass-v2-6ec0473575/votes.json,base-or-copy
votes,54,SCRIPTS/Paper outcomes RESTART-3 TESTS/master/restart3-master-34adc61c1a/votes.json,base-or-copy
votes,54,SCRIPTS/Paper outcomes RESTART-3/GEM-MALEK-PHENIX/debug_runs/phenix/debug-phenixking-smoke-16a6b2387f/votes.json,base-or-copy
votes,54,SCRIPTS/Paper outcomes RESTART-3/GEM-MALEK-PHENIX/parallel_runs/phenix-realized/phenixking-md-readme-zip-afaf0136e9/votes.json,base-or-copy
votes,54,SCRIPTS/Paper outcomes RESTART-3/GEM-MALEK-PHENIX/parallel_runs/phenix-wrapper/parallel-phenixking-wrapper-5861bc1349/votes.json,base-or-copy
votes,54,SCRIPTS/Paper outcomes RESTART-3/governance_master_runs/ag-runner-md-readme-master-pass-2426d4903d/votes.json,base-or-copy
votes,54,SCRIPTS/Paper outcomes RESTART-3/governance_master_runs/unified-master-pass-6ec0473575/votes.json,base-or-copy
votes,54,SCRIPTS/Paper outcomes RESTART-3/governance_master_runs/unified-master-pass-v2-6ec0473575/votes.json,base-or-copy
votes,54,SCRIPTS/Paper outcomes RESTART-4 RUNTIME-ARCHIVE/GEM-MALEK-PHENIX/debug_runs/phenix/debug-phenixking-smoke-16a6b2387f/votes.json,base-or-copy
votes,54,SCRIPTS/Paper outcomes RESTART-4 RUNTIME-ARCHIVE/GEM-MALEK-PHENIX/parallel_runs/phenix-realized/phenixking-md-readme-zip-afaf0136e9/votes.json,base-or-copy
votes,54,SCRIPTS/Paper outcomes RESTART-4 RUNTIME-ARCHIVE/GEM-MALEK-PHENIX/parallel_runs/phenix-wrapper/parallel-phenixking-wrapper-5861bc1349/votes.json,base-or-copy
votes,54,SCRIPTS/Paper outcomes RESTART-4 RUNTIME-ARCHIVE/governance_master_runs/ag-runner-md-readme-master-pass-2426d4903d/votes.json,base-or-copy
votes,54,SCRIPTS/Paper outcomes RESTART-4 RUNTIME-ARCHIVE/governance_master_runs/unified-master-pass-6ec0473575/votes.json,base-or-copy
votes,54,SCRIPTS/Paper outcomes RESTART-4 RUNTIME-ARCHIVE/governance_master_runs/unified-master-pass-v2-6ec0473575/votes.json,base-or-copy
votes,54,SCRIPTS/Paper outcomes RESTART-4 TESTS/continued-inference/pass1/restart4-infer-pass1-f1bd5f1c44/votes.json,base-or-copy
votes,54,SCRIPTS/Paper outcomes RESTART-4 TESTS/continued-inference/pass2/restart4-infer-pass2-51cc8d8908/votes.json,base-or-copy
votes,54,SCRIPTS/Paper outcomes RESTART-4 TESTS/continued-inference/pass3/restart4-infer-pass3-f91050eb29/votes.json,base-or-copy
votes,54,SCRIPTS/Paper outcomes RESTART-4 TESTS/final-from-last-three/restart4-final-from-last-three-8ded9385d9/votes.json,base-or-copy
votes,54,SCRIPTS/Paper outcomes RESTART-4 TESTS/master/restart4-corrected-master-c35d594f4c/votes.json,base-or-copy
votes,54,SCRIPTS/Paper outcomes RESTART-4 TESTS/master/restart4-corrected-master-v2-0d39e54855/votes.json,base-or-copy
votes,54,SCRIPTS/Paper outcomes RESTART-4 TESTS/next-pass-master/restart4-next-pass-f527d45b9b/votes.json,base-or-copy
votes,54,SCRIPTS/Paper outcomes RESTART/GEM-MALEK-PHENIX/debug_runs/phenix/debug-phenixking-smoke-16a6b2387f/votes.json,base-or-copy
votes,54,SCRIPTS/Paper outcomes RESTART/GEM-MALEK-PHENIX/parallel_runs/phenix-realized/phenixking-md-readme-zip-afaf0136e9/votes.json,base-or-copy
votes,54,SCRIPTS/Paper outcomes RESTART/GEM-MALEK-PHENIX/parallel_runs/phenix-wrapper/parallel-phenixking-wrapper-5861bc1349/votes.json,base-or-copy
votes,54,SCRIPTS/Paper outcomes RESTART/governance_master_runs/ag-runner-md-readme-master-pass-2426d4903d/votes.json,base-or-copy
votes,54,SCRIPTS/Paper outcomes RESTART/governance_master_runs/unified-master-pass-6ec0473575/votes.json,base-or-copy
votes,54,SCRIPTS/Paper outcomes RESTART/governance_master_runs/unified-master-pass-v2-6ec0473575/votes.json,base-or-copy
votes,54,SCRIPTS/Paper outcomes ROUND2 TESTS/master/round2-master-e9baa5535f/votes.json,base-or-copy
votes,54,SCRIPTS/Paper outcomes ROUND2 TESTS/pharos/round2-pharos-e9baa5535f/votes.json,base-or-copy
votes,54,SCRIPTS/Paper outcomes ROUND2 TESTS/phenixking/round2-phenixking-e9baa5535f/votes.json,base-or-copy
votes,54,SCRIPTS/Paper outcomes ROUND2 TESTS/salomon/round2-salomon-e9baa5535f/votes.json,base-or-copy
votes,54,SCRIPTS/Paper outcomes ROUND2/GEM-MALEK-PHENIX/debug_runs/phenix/debug-phenixking-smoke-16a6b2387f/votes.json,base-or-copy
votes,54,SCRIPTS/Paper outcomes ROUND2/GEM-MALEK-PHENIX/parallel_runs/phenix-realized/phenixking-md-readme-zip-afaf0136e9/votes.json,base-or-copy
votes,54,SCRIPTS/Paper outcomes ROUND2/GEM-MALEK-PHENIX/parallel_runs/phenix-wrapper/parallel-phenixking-wrapper-5861bc1349/votes.json,base-or-copy
votes,54,SCRIPTS/Paper outcomes ROUND2/governance_master_runs/ag-runner-md-readme-master-pass-2426d4903d/votes.json,base-or-copy
votes,54,SCRIPTS/Paper outcomes ROUND2/governance_master_runs/unified-master-pass-6ec0473575/votes.json,base-or-copy
votes,54,SCRIPTS/Paper outcomes ROUND2/governance_master_runs/unified-master-pass-v2-6ec0473575/votes.json,base-or-copy
votes,54,SCRIPTS/Paper outcomes/GEM-MALEK-PHENIX/debug_runs/phenix/debug-phenixking-smoke-16a6b2387f/votes.json,base-or-copy
votes,54,SCRIPTS/Paper outcomes/GEM-MALEK-PHENIX/parallel_runs/phenix-realized/phenixking-md-readme-zip-afaf0136e9/votes.json,base-or-copy
votes,54,SCRIPTS/Paper outcomes/GEM-MALEK-PHENIX/parallel_runs/phenix-wrapper/parallel-phenixking-wrapper-5861bc1349/votes.json,base-or-copy
votes,54,SCRIPTS/Paper outcomes/governance_master_runs/ag-runner-md-readme-master-pass-2426d4903d/votes.json,base-or-copy
votes,54,SCRIPTS/Paper outcomes/governance_master_runs/unified-master-pass-6ec0473575/votes.json,base-or-copy
votes,54,SCRIPTS/Paper outcomes/governance_master_runs/unified-master-pass-v2-6ec0473575/votes.json,base-or-copy
postmortem,37,SCRIPTS/Paper outcomes RESTART TESTS/kingmalek/restart-kingmalek-00297d4e97/postmortem.md,base-or-copy
postmortem,37,SCRIPTS/Paper outcomes RESTART TESTS/runner/restart-runner-00297d4e97/postmortem.md,base-or-copy
postmortem,37,SCRIPTS/Paper outcomes RESTART-2 TESTS/runner/restart2-runner-6eed7729eb/postmortem.md,base-or-copy
postmortem,37,SCRIPTS/Paper outcomes RESTART-2/AG-runner/governance_runs/ag-runner-md-with-readme-key-2426d4903d/postmortem.md,base-or-copy
postmortem,37,SCRIPTS/Paper outcomes RESTART-2/GEM-MALEK-PHENIX/debug_runs/kingmalek/debug-kingmalek-smoke-16a6b2387f/postmortem.md,base-or-copy
postmortem,37,SCRIPTS/Paper outcomes RESTART-2/GEM-MALEK-PHENIX/parallel_runs/kingmalek-wrapper/parallel-kingmalek-wrapper-5861bc1349/postmortem.md,base-or-copy
postmortem,37,SCRIPTS/Paper outcomes RESTART-2/GEM-MALEK-PHENIX/parallel_runs/kingmalek/kingmalek-md-readme-zip-afaf0136e9/postmortem.md,base-or-copy
postmortem,37,SCRIPTS/Paper outcomes RESTART-3 TESTS/runner/restart3-runner-34adc61c1a/postmortem.md,base-or-copy
postmortem,37,SCRIPTS/Paper outcomes RESTART-3/AG-runner/governance_runs/ag-runner-md-with-readme-key-2426d4903d/postmortem.md,base-or-copy
postmortem,37,SCRIPTS/Paper outcomes RESTART-3/GEM-MALEK-PHENIX/debug_runs/kingmalek/debug-kingmalek-smoke-16a6b2387f/postmortem.md,base-or-copy
postmortem,37,SCRIPTS/Paper outcomes RESTART-3/GEM-MALEK-PHENIX/parallel_runs/kingmalek-wrapper/parallel-kingmalek-wrapper-5861bc1349/postmortem.md,base-or-copy
postmortem,37,SCRIPTS/Paper outcomes RESTART-3/GEM-MALEK-PHENIX/parallel_runs/kingmalek/kingmalek-md-readme-zip-afaf0136e9/postmortem.md,base-or-copy
postmortem,37,SCRIPTS/Paper outcomes RESTART-4 RUNTIME-ARCHIVE/AG-runner/governance_runs/ag-runner-md-with-readme-key-2426d4903d/postmortem.md,base-or-copy
postmortem,37,SCRIPTS/Paper outcomes RESTART-4 RUNTIME-ARCHIVE/GEM-MALEK-PHENIX/debug_runs/kingmalek/debug-kingmalek-smoke-16a6b2387f/postmortem.md,base-or-copy
postmortem,37,SCRIPTS/Paper outcomes RESTART-4 RUNTIME-ARCHIVE/GEM-MALEK-PHENIX/parallel_runs/kingmalek-wrapper/parallel-kingmalek-wrapper-5861bc1349/postmortem.md,base-or-copy
postmortem,37,SCRIPTS/Paper outcomes RESTART-4 RUNTIME-ARCHIVE/GEM-MALEK-PHENIX/parallel_runs/kingmalek/kingmalek-md-readme-zip-afaf0136e9/postmortem.md,base-or-copy
postmortem,37,SCRIPTS/Paper outcomes RESTART-4 TESTS/runner/restart4-corrected-runner-c35d594f4c/postmortem.md,base-or-copy
postmortem,37,SCRIPTS/Paper outcomes RESTART-4 TESTS/runner/restart4-corrected-runner-v2-0d39e54855/postmortem.md,base-or-copy
postmortem,37,SCRIPTS/Paper outcomes RESTART/AG-runner/governance_runs/ag-runner-md-with-readme-key-2426d4903d/postmortem.md,base-or-copy
postmortem,37,SCRIPTS/Paper outcomes RESTART/GEM-MALEK-PHENIX/debug_runs/kingmalek/debug-kingmalek-smoke-16a6b2387f/postmortem.md,base-or-copy
postmortem,37,SCRIPTS/Paper outcomes RESTART/GEM-MALEK-PHENIX/parallel_runs/kingmalek-wrapper/parallel-kingmalek-wrapper-5861bc1349/postmortem.md,base-or-copy
postmortem,37,SCRIPTS/Paper outcomes RESTART/GEM-MALEK-PHENIX/parallel_runs/kingmalek/kingmalek-md-readme-zip-afaf0136e9/postmortem.md,base-or-copy
postmortem,37,SCRIPTS/Paper outcomes ROUND2 TESTS/kingmalek/round2-kingmalek-e9baa5535f/postmortem.md,base-or-copy
postmortem,37,SCRIPTS/Paper outcomes ROUND2 TESTS/runner/round2-runner-e9baa5535f/postmortem.md,base-or-copy
postmortem,37,SCRIPTS/Paper outcomes ROUND2/AG-runner/governance_runs/ag-runner-md-with-readme-key-2426d4903d/postmortem.md,base-or-copy
postmortem,37,SCRIPTS/Paper outcomes ROUND2/GEM-MALEK-PHENIX/debug_runs/kingmalek/debug-kingmalek-smoke-16a6b2387f/postmortem.md,base-or-copy
postmortem,37,SCRIPTS/Paper outcomes ROUND2/GEM-MALEK-PHENIX/parallel_runs/kingmalek-wrapper/parallel-kingmalek-wrapper-5861bc1349/postmortem.md,base-or-copy
postmortem,37,SCRIPTS/Paper outcomes ROUND2/GEM-MALEK-PHENIX/parallel_runs/kingmalek/kingmalek-md-readme-zip-afaf0136e9/postmortem.md,base-or-copy
postmortem,37,SCRIPTS/Paper outcomes/AG-runner/governance_runs/ag-runner-md-with-readme-key-2426d4903d/postmortem.md,base-or-copy
postmortem,37,SCRIPTS/Paper outcomes/GEM-MALEK-PHENIX/debug_runs/kingmalek/debug-kingmalek-smoke-16a6b2387f/postmortem.md,base-or-copy
postmortem,37,SCRIPTS/Paper outcomes/GEM-MALEK-PHENIX/parallel_runs/kingmalek-wrapper/parallel-kingmalek-wrapper-5861bc1349/postmortem.md,base-or-copy
postmortem,37,SCRIPTS/Paper outcomes/GEM-MALEK-PHENIX/parallel_runs/kingmalek/kingmalek-md-readme-zip-afaf0136e9/postmortem.md,base-or-copy
postmortem,37,governance_runs/pass-recalibration-check-2-f6c44dfa4d/postmortem.md,base-or-copy
postmortem,37,governance_runs/pass-recalibration-check-3-f6c44dfa4d/postmortem.md,base-or-copy
postmortem,37,governance_runs/pass-recalibration-check-f6c44dfa4d/postmortem.md,base-or-copy
postmortem,37,governance_runs/prechange-smoke-f6c44dfa4d/postmortem.md,base-or-copy
postmortem,37,governance_runs/recurso-3c6266f59b/postmortem.md,base-or-copy
premortem,37,SCRIPTS/Paper outcomes RESTART TESTS/kingmalek/restart-kingmalek-00297d4e97/premortem.md,base-or-copy
premortem,37,SCRIPTS/Paper outcomes RESTART TESTS/runner/restart-runner-00297d4e97/premortem.md,base-or-copy
premortem,37,SCRIPTS/Paper outcomes RESTART-2 TESTS/runner/restart2-runner-6eed7729eb/premortem.md,base-or-copy
premortem,37,SCRIPTS/Paper outcomes RESTART-2/AG-runner/governance_runs/ag-runner-md-with-readme-key-2426d4903d/premortem.md,base-or-copy
premortem,37,SCRIPTS/Paper outcomes RESTART-2/GEM-MALEK-PHENIX/debug_runs/kingmalek/debug-kingmalek-smoke-16a6b2387f/premortem.md,base-or-copy
premortem,37,SCRIPTS/Paper outcomes RESTART-2/GEM-MALEK-PHENIX/parallel_runs/kingmalek-wrapper/parallel-kingmalek-wrapper-5861bc1349/premortem.md,base-or-copy
premortem,37,SCRIPTS/Paper outcomes RESTART-2/GEM-MALEK-PHENIX/parallel_runs/kingmalek/kingmalek-md-readme-zip-afaf0136e9/premortem.md,base-or-copy
premortem,37,SCRIPTS/Paper outcomes RESTART-3 TESTS/runner/restart3-runner-34adc61c1a/premortem.md,base-or-copy
premortem,37,SCRIPTS/Paper outcomes RESTART-3/AG-runner/governance_runs/ag-runner-md-with-readme-key-2426d4903d/premortem.md,base-or-copy
premortem,37,SCRIPTS/Paper outcomes RESTART-3/GEM-MALEK-PHENIX/debug_runs/kingmalek/debug-kingmalek-smoke-16a6b2387f/premortem.md,base-or-copy
premortem,37,SCRIPTS/Paper outcomes RESTART-3/GEM-MALEK-PHENIX/parallel_runs/kingmalek-wrapper/parallel-kingmalek-wrapper-5861bc1349/premortem.md,base-or-copy
premortem,37,SCRIPTS/Paper outcomes RESTART-3/GEM-MALEK-PHENIX/parallel_runs/kingmalek/kingmalek-md-readme-zip-afaf0136e9/premortem.md,base-or-copy
premortem,37,SCRIPTS/Paper outcomes RESTART-4 RUNTIME-ARCHIVE/AG-runner/governance_runs/ag-runner-md-with-readme-key-2426d4903d/premortem.md,base-or-copy
premortem,37,SCRIPTS/Paper outcomes RESTART-4 RUNTIME-ARCHIVE/GEM-MALEK-PHENIX/debug_runs/kingmalek/debug-kingmalek-smoke-16a6b2387f/premortem.md,base-or-copy
premortem,37,SCRIPTS/Paper outcomes RESTART-4 RUNTIME-ARCHIVE/GEM-MALEK-PHENIX/parallel_runs/kingmalek-wrapper/parallel-kingmalek-wrapper-5861bc1349/premortem.md,base-or-copy
premortem,37,SCRIPTS/Paper outcomes RESTART-4 RUNTIME-ARCHIVE/GEM-MALEK-PHENIX/parallel_runs/kingmalek/kingmalek-md-readme-zip-afaf0136e9/premortem.md,base-or-copy
premortem,37,SCRIPTS/Paper outcomes RESTART-4 TESTS/runner/restart4-corrected-runner-c35d594f4c/premortem.md,base-or-copy
premortem,37,SCRIPTS/Paper outcomes RESTART-4 TESTS/runner/restart4-corrected-runner-v2-0d39e54855/premortem.md,base-or-copy
premortem,37,SCRIPTS/Paper outcomes RESTART/AG-runner/governance_runs/ag-runner-md-with-readme-key-2426d4903d/premortem.md,base-or-copy
premortem,37,SCRIPTS/Paper outcomes RESTART/GEM-MALEK-PHENIX/debug_runs/kingmalek/debug-kingmalek-smoke-16a6b2387f/premortem.md,base-or-copy
premortem,37,SCRIPTS/Paper outcomes RESTART/GEM-MALEK-PHENIX/parallel_runs/kingmalek-wrapper/parallel-kingmalek-wrapper-5861bc1349/premortem.md,base-or-copy
premortem,37,SCRIPTS/Paper outcomes RESTART/GEM-MALEK-PHENIX/parallel_runs/kingmalek/kingmalek-md-readme-zip-afaf0136e9/premortem.md,base-or-copy
premortem,37,SCRIPTS/Paper outcomes ROUND2 TESTS/kingmalek/round2-kingmalek-e9baa5535f/premortem.md,base-or-copy
premortem,37,SCRIPTS/Paper outcomes ROUND2 TESTS/runner/round2-runner-e9baa5535f/premortem.md,base-or-copy
premortem,37,SCRIPTS/Paper outcomes ROUND2/AG-runner/governance_runs/ag-runner-md-with-readme-key-2426d4903d/premortem.md,base-or-copy
premortem,37,SCRIPTS/Paper outcomes ROUND2/GEM-MALEK-PHENIX/debug_runs/kingmalek/debug-kingmalek-smoke-16a6b2387f/premortem.md,base-or-copy
premortem,37,SCRIPTS/Paper outcomes ROUND2/GEM-MALEK-PHENIX/parallel_runs/kingmalek-wrapper/parallel-kingmalek-wrapper-5861bc1349/premortem.md,base-or-copy
premortem,37,SCRIPTS/Paper outcomes ROUND2/GEM-MALEK-PHENIX/parallel_runs/kingmalek/kingmalek-md-readme-zip-afaf0136e9/premortem.md,base-or-copy
premortem,37,SCRIPTS/Paper outcomes/AG-runner/governance_runs/ag-runner-md-with-readme-key-2426d4903d/premortem.md,base-or-copy
premortem,37,SCRIPTS/Paper outcomes/GEM-MALEK-PHENIX/debug_runs/kingmalek/debug-kingmalek-smoke-16a6b2387f/premortem.md,base-or-copy
premortem,37,SCRIPTS/Paper outcomes/GEM-MALEK-PHENIX/parallel_runs/kingmalek-wrapper/parallel-kingmalek-wrapper-5861bc1349/premortem.md,base-or-copy
premortem,37,SCRIPTS/Paper outcomes/GEM-MALEK-PHENIX/parallel_runs/kingmalek/kingmalek-md-readme-zip-afaf0136e9/premortem.md,base-or-copy
premortem,37,governance_runs/pass-recalibration-check-2-f6c44dfa4d/premortem.md,base-or-copy
premortem,37,governance_runs/pass-recalibration-check-3-f6c44dfa4d/premortem.md,base-or-copy
premortem,37,governance_runs/pass-recalibration-check-f6c44dfa4d/premortem.md,base-or-copy
premortem,37,governance_runs/prechange-smoke-f6c44dfa4d/premortem.md,base-or-copy
premortem,37,governance_runs/recurso-3c6266f59b/premortem.md,base-or-copy
parallel_script_crosswalk,35,SCRIPTS/Paper outcomes RESTART TESTS/kingmalek/restart-kingmalek-00297d4e97/parallel_script_crosswalk.json,base-or-copy
parallel_script_crosswalk,35,SCRIPTS/Paper outcomes RESTART TESTS/runner/restart-runner-00297d4e97/parallel_script_crosswalk.json,base-or-copy
parallel_script_crosswalk,35,SCRIPTS/Paper outcomes RESTART-2 TESTS/runner/restart2-runner-6eed7729eb/parallel_script_crosswalk.json,base-or-copy
parallel_script_crosswalk,35,SCRIPTS/Paper outcomes RESTART-2/AG-runner/governance_runs/ag-runner-md-with-readme-key-2426d4903d/parallel_script_crosswalk.json,base-or-copy
parallel_script_crosswalk,35,SCRIPTS/Paper outcomes RESTART-2/GEM-MALEK-PHENIX/debug_runs/kingmalek/debug-kingmalek-smoke-16a6b2387f/parallel_script_crosswalk.json,base-or-copy
parallel_script_crosswalk,35,SCRIPTS/Paper outcomes RESTART-2/GEM-MALEK-PHENIX/parallel_runs/kingmalek-wrapper/parallel-kingmalek-wrapper-5861bc1349/parallel_script_crosswalk.json,base-or-copy
parallel_script_crosswalk,35,SCRIPTS/Paper outcomes RESTART-2/GEM-MALEK-PHENIX/parallel_runs/kingmalek/kingmalek-md-readme-zip-afaf0136e9/parallel_script_crosswalk.json,base-or-copy
parallel_script_crosswalk,35,SCRIPTS/Paper outcomes RESTART-3 TESTS/runner/restart3-runner-34adc61c1a/parallel_script_crosswalk.json,base-or-copy
parallel_script_crosswalk,35,SCRIPTS/Paper outcomes RESTART-3/AG-runner/governance_runs/ag-runner-md-with-readme-key-2426d4903d/parallel_script_crosswalk.json,base-or-copy
parallel_script_crosswalk,35,SCRIPTS/Paper outcomes RESTART-3/GEM-MALEK-PHENIX/debug_runs/kingmalek/debug-kingmalek-smoke-16a6b2387f/parallel_script_crosswalk.json,base-or-copy
parallel_script_crosswalk,35,SCRIPTS/Paper outcomes RESTART-3/GEM-MALEK-PHENIX/parallel_runs/kingmalek-wrapper/parallel-kingmalek-wrapper-5861bc1349/parallel_script_crosswalk.json,base-or-copy
parallel_script_crosswalk,35,SCRIPTS/Paper outcomes RESTART-3/GEM-MALEK-PHENIX/parallel_runs/kingmalek/kingmalek-md-readme-zip-afaf0136e9/parallel_script_crosswalk.json,base-or-copy
parallel_script_crosswalk,35,SCRIPTS/Paper outcomes RESTART-4 RUNTIME-ARCHIVE/AG-runner/governance_runs/ag-runner-md-with-readme-key-2426d4903d/parallel_script_crosswalk.json,base-or-copy
parallel_script_crosswalk,35,SCRIPTS/Paper outcomes RESTART-4 RUNTIME-ARCHIVE/GEM-MALEK-PHENIX/debug_runs/kingmalek/debug-kingmalek-smoke-16a6b2387f/parallel_script_crosswalk.json,base-or-copy
parallel_script_crosswalk,35,SCRIPTS/Paper outcomes RESTART-4 RUNTIME-ARCHIVE/GEM-MALEK-PHENIX/parallel_runs/kingmalek-wrapper/parallel-kingmalek-wrapper-5861bc1349/parallel_script_crosswalk.json,base-or-copy
parallel_script_crosswalk,35,SCRIPTS/Paper outcomes RESTART-4 RUNTIME-ARCHIVE/GEM-MALEK-PHENIX/parallel_runs/kingmalek/kingmalek-md-readme-zip-afaf0136e9/parallel_script_crosswalk.json,base-or-copy
parallel_script_crosswalk,35,SCRIPTS/Paper outcomes RESTART-4 TESTS/runner/restart4-corrected-runner-c35d594f4c/parallel_script_crosswalk.json,base-or-copy
parallel_script_crosswalk,35,SCRIPTS/Paper outcomes RESTART-4 TESTS/runner/restart4-corrected-runner-v2-0d39e54855/parallel_script_crosswalk.json,base-or-copy
parallel_script_crosswalk,35,SCRIPTS/Paper outcomes RESTART/AG-runner/governance_runs/ag-runner-md-with-readme-key-2426d4903d/parallel_script_crosswalk.json,base-or-copy
parallel_script_crosswalk,35,SCRIPTS/Paper outcomes RESTART/GEM-MALEK-PHENIX/debug_runs/kingmalek/debug-kingmalek-smoke-16a6b2387f/parallel_script_crosswalk.json,base-or-copy
parallel_script_crosswalk,35,SCRIPTS/Paper outcomes RESTART/GEM-MALEK-PHENIX/parallel_runs/kingmalek-wrapper/parallel-kingmalek-wrapper-5861bc1349/parallel_script_crosswalk.json,base-or-copy
parallel_script_crosswalk,35,SCRIPTS/Paper outcomes RESTART/GEM-MALEK-PHENIX/parallel_runs/kingmalek/kingmalek-md-readme-zip-afaf0136e9/parallel_script_crosswalk.json,base-or-copy
parallel_script_crosswalk,35,SCRIPTS/Paper outcomes ROUND2 TESTS/kingmalek/round2-kingmalek-e9baa5535f/parallel_script_crosswalk.json,base-or-copy
parallel_script_crosswalk,35,SCRIPTS/Paper outcomes ROUND2 TESTS/runner/round2-runner-e9baa5535f/parallel_script_crosswalk.json,base-or-copy
parallel_script_crosswalk,35,SCRIPTS/Paper outcomes ROUND2/AG-runner/governance_runs/ag-runner-md-with-readme-key-2426d4903d/parallel_script_crosswalk.json,base-or-copy
parallel_script_crosswalk,35,SCRIPTS/Paper outcomes ROUND2/GEM-MALEK-PHENIX/debug_runs/kingmalek/debug-kingmalek-smoke-16a6b2387f/parallel_script_crosswalk.json,base-or-copy
parallel_script_crosswalk,35,SCRIPTS/Paper outcomes ROUND2/GEM-MALEK-PHENIX/parallel_runs/kingmalek-wrapper/parallel-kingmalek-wrapper-5861bc1349/parallel_script_crosswalk.json,base-or-copy
parallel_script_crosswalk,35,SCRIPTS/Paper outcomes ROUND2/GEM-MALEK-PHENIX/parallel_runs/kingmalek/kingmalek-md-readme-zip-afaf0136e9/parallel_script_crosswalk.json,base-or-copy
parallel_script_crosswalk,35,SCRIPTS/Paper outcomes/AG-runner/governance_runs/ag-runner-md-with-readme-key-2426d4903d/parallel_script_crosswalk.json,base-or-copy
parallel_script_crosswalk,35,SCRIPTS/Paper outcomes/GEM-MALEK-PHENIX/debug_runs/kingmalek/debug-kingmalek-smoke-16a6b2387f/parallel_script_crosswalk.json,base-or-copy
parallel_script_crosswalk,35,SCRIPTS/Paper outcomes/GEM-MALEK-PHENIX/parallel_runs/kingmalek-wrapper/parallel-kingmalek-wrapper-5861bc1349/parallel_script_crosswalk.json,base-or-copy
parallel_script_crosswalk,35,SCRIPTS/Paper outcomes/GEM-MALEK-PHENIX/parallel_runs/kingmalek/kingmalek-md-readme-zip-afaf0136e9/parallel_script_crosswalk.json,base-or-copy
parallel_script_crosswalk,35,governance_runs/pass-recalibration-check-2-f6c44dfa4d/parallel_script_crosswalk.json,base-or-copy
parallel_script_crosswalk,35,governance_runs/pass-recalibration-check-3-f6c44dfa4d/parallel_script_crosswalk.json,base-or-copy
parallel_script_crosswalk,35,governance_runs/pass-recalibration-check-f6c44dfa4d/parallel_script_crosswalk.json,base-or-copy
parallel_script_recalibration,35,SCRIPTS/Paper outcomes RESTART TESTS/kingmalek/restart-kingmalek-00297d4e97/parallel_script_recalibration.md,base-or-copy
parallel_script_recalibration,35,SCRIPTS/Paper outcomes RESTART TESTS/runner/restart-runner-00297d4e97/parallel_script_recalibration.md,base-or-copy
parallel_script_recalibration,35,SCRIPTS/Paper outcomes RESTART-2 TESTS/runner/restart2-runner-6eed7729eb/parallel_script_recalibration.md,base-or-copy
parallel_script_recalibration,35,SCRIPTS/Paper outcomes RESTART-2/AG-runner/governance_runs/ag-runner-md-with-readme-key-2426d4903d/parallel_script_recalibration.md,base-or-copy
parallel_script_recalibration,35,SCRIPTS/Paper outcomes RESTART-2/GEM-MALEK-PHENIX/debug_runs/kingmalek/debug-kingmalek-smoke-16a6b2387f/parallel_script_recalibration.md,base-or-copy
parallel_script_recalibration,35,SCRIPTS/Paper outcomes RESTART-2/GEM-MALEK-PHENIX/parallel_runs/kingmalek-wrapper/parallel-kingmalek-wrapper-5861bc1349/parallel_script_recalibration.md,base-or-copy
parallel_script_recalibration,35,SCRIPTS/Paper outcomes RESTART-2/GEM-MALEK-PHENIX/parallel_runs/kingmalek/kingmalek-md-readme-zip-afaf0136e9/parallel_script_recalibration.md,base-or-copy
parallel_script_recalibration,35,SCRIPTS/Paper outcomes RESTART-3 TESTS/runner/restart3-runner-34adc61c1a/parallel_script_recalibration.md,base-or-copy
parallel_script_recalibration,35,SCRIPTS/Paper outcomes RESTART-3/AG-runner/governance_runs/ag-runner-md-with-readme-key-2426d4903d/parallel_script_recalibration.md,base-or-copy
parallel_script_recalibration,35,SCRIPTS/Paper outcomes RESTART-3/GEM-MALEK-PHENIX/debug_runs/kingmalek/debug-kingmalek-smoke-16a6b2387f/parallel_script_recalibration.md,base-or-copy
parallel_script_recalibration,35,SCRIPTS/Paper outcomes RESTART-3/GEM-MALEK-PHENIX/parallel_runs/kingmalek-wrapper/parallel-kingmalek-wrapper-5861bc1349/parallel_script_recalibration.md,base-or-copy
parallel_script_recalibration,35,SCRIPTS/Paper outcomes RESTART-3/GEM-MALEK-PHENIX/parallel_runs/kingmalek/kingmalek-md-readme-zip-afaf0136e9/parallel_script_recalibration.md,base-or-copy
parallel_script_recalibration,35,SCRIPTS/Paper outcomes RESTART-4 RUNTIME-ARCHIVE/AG-runner/governance_runs/ag-runner-md-with-readme-key-2426d4903d/parallel_script_recalibration.md,base-or-copy
parallel_script_recalibration,35,SCRIPTS/Paper outcomes RESTART-4 RUNTIME-ARCHIVE/GEM-MALEK-PHENIX/debug_runs/kingmalek/debug-kingmalek-smoke-16a6b2387f/parallel_script_recalibration.md,base-or-copy
parallel_script_recalibration,35,SCRIPTS/Paper outcomes RESTART-4 RUNTIME-ARCHIVE/GEM-MALEK-PHENIX/parallel_runs/kingmalek-wrapper/parallel-kingmalek-wrapper-5861bc1349/parallel_script_recalibration.md,base-or-copy
parallel_script_recalibration,35,SCRIPTS/Paper outcomes RESTART-4 RUNTIME-ARCHIVE/GEM-MALEK-PHENIX/parallel_runs/kingmalek/kingmalek-md-readme-zip-afaf0136e9/parallel_script_recalibration.md,base-or-copy
parallel_script_recalibration,35,SCRIPTS/Paper outcomes RESTART-4 TESTS/runner/restart4-corrected-runner-c35d594f4c/parallel_script_recalibration.md,base-or-copy
parallel_script_recalibration,35,SCRIPTS/Paper outcomes RESTART-4 TESTS/runner/restart4-corrected-runner-v2-0d39e54855/parallel_script_recalibration.md,base-or-copy
parallel_script_recalibration,35,SCRIPTS/Paper outcomes RESTART/AG-runner/governance_runs/ag-runner-md-with-readme-key-2426d4903d/parallel_script_recalibration.md,base-or-copy
parallel_script_recalibration,35,SCRIPTS/Paper outcomes RESTART/GEM-MALEK-PHENIX/debug_runs/kingmalek/debug-kingmalek-smoke-16a6b2387f/parallel_script_recalibration.md,base-or-copy
parallel_script_recalibration,35,SCRIPTS/Paper outcomes RESTART/GEM-MALEK-PHENIX/parallel_runs/kingmalek-wrapper/parallel-kingmalek-wrapper-5861bc1349/parallel_script_recalibration.md,base-or-copy
parallel_script_recalibration,35,SCRIPTS/Paper outcomes RESTART/GEM-MALEK-PHENIX/parallel_runs/kingmalek/kingmalek-md-readme-zip-afaf0136e9/parallel_script_recalibration.md,base-or-copy
parallel_script_recalibration,35,SCRIPTS/Paper outcomes ROUND2 TESTS/kingmalek/round2-kingmalek-e9baa5535f/parallel_script_recalibration.md,base-or-copy
parallel_script_recalibration,35,SCRIPTS/Paper outcomes ROUND2 TESTS/runner/round2-runner-e9baa5535f/parallel_script_recalibration.md,base-or-copy
parallel_script_recalibration,35,SCRIPTS/Paper outcomes ROUND2/AG-runner/governance_runs/ag-runner-md-with-readme-key-2426d4903d/parallel_script_recalibration.md,base-or-copy
parallel_script_recalibration,35,SCRIPTS/Paper outcomes ROUND2/GEM-MALEK-PHENIX/debug_runs/kingmalek/debug-kingmalek-smoke-16a6b2387f/parallel_script_recalibration.md,base-or-copy
parallel_script_recalibration,35,SCRIPTS/Paper outcomes ROUND2/GEM-MALEK-PHENIX/parallel_runs/kingmalek-wrapper/parallel-kingmalek-wrapper-5861bc1349/parallel_script_recalibration.md,base-or-copy
parallel_script_recalibration,35,SCRIPTS/Paper outcomes ROUND2/GEM-MALEK-PHENIX/parallel_runs/kingmalek/kingmalek-md-readme-zip-afaf0136e9/parallel_script_recalibration.md,base-or-copy
parallel_script_recalibration,35,SCRIPTS/Paper outcomes/AG-runner/governance_runs/ag-runner-md-with-readme-key-2426d4903d/parallel_script_recalibration.md,base-or-copy
parallel_script_recalibration,35,SCRIPTS/Paper outcomes/GEM-MALEK-PHENIX/debug_runs/kingmalek/debug-kingmalek-smoke-16a6b2387f/parallel_script_recalibration.md,base-or-copy
parallel_script_recalibration,35,SCRIPTS/Paper outcomes/GEM-MALEK-PHENIX/parallel_runs/kingmalek-wrapper/parallel-kingmalek-wrapper-5861bc1349/parallel_script_recalibration.md,base-or-copy
parallel_script_recalibration,35,SCRIPTS/Paper outcomes/GEM-MALEK-PHENIX/parallel_runs/kingmalek/kingmalek-md-readme-zip-afaf0136e9/parallel_script_recalibration.md,base-or-copy
parallel_script_recalibration,35,governance_runs/pass-recalibration-check-2-f6c44dfa4d/parallel_script_recalibration.md,base-or-copy
parallel_script_recalibration,35,governance_runs/pass-recalibration-check-3-f6c44dfa4d/parallel_script_recalibration.md,base-or-copy
parallel_script_recalibration,35,governance_runs/pass-recalibration-check-f6c44dfa4d/parallel_script_recalibration.md,base-or-copy
readme,17,RECURSO/METAMETADATA/METADATA/1.ChatGPT-AgathaAgent/recurso-AG_layered_structure/00_layer-0-root/README.md,base-or-copy
readme,17,RECURSO/METAMETADATA/METADATA/1.ChatGPT-AgathaAgent/recurso-AG_layered_structure/01_layer-1-evidence/README.md,base-or-copy
readme,17,RECURSO/METAMETADATA/METADATA/1.ChatGPT-AgathaAgent/recurso-AG_layered_structure/02_layer-2-compression/README.md,base-or-copy
readme,17,RECURSO/METAMETADATA/METADATA/1.ChatGPT-AgathaAgent/recurso-AG_layered_structure/03_layer-3-blueprint/README.md,base-or-copy
readme,17,RECURSO/METAMETADATA/METADATA/1.ChatGPT-AgathaAgent/recurso-AG_layered_structure/04_layer-4-alignment-gate/README.md,base-or-copy
readme,17,RECURSO/METAMETADATA/METADATA/1.ChatGPT-AgathaAgent/recurso-AG_layered_structure/05_layer-5-versioned-packet/README.md,base-or-copy
readme,17,RECURSO/METAMETADATA/METADATA/1.ChatGPT-AgathaAgent/recurso-AG_layered_structure/06_layer-6-stabilizers/README.md,base-or-copy
readme,17,RECURSO/METAMETADATA/METADATA/1.ChatGPT-AgathaAgent/recurso-AG_layered_structure/07_layer-7-incidents/README.md,base-or-copy
readme,17,RECURSO/METAMETADATA/METADATA/1.ChatGPT-AgathaAgent/recurso-AG_layered_structure/08_layer-8-field-map/README.md,base-or-copy
readme,17,RECURSO/METAMETADATA/METADATA/1.ChatGPT-AgathaAgent/recurso-AG_layered_structure/09_layer-9-method-sop/README.md,base-or-copy
readme,17,RECURSO/METAMETADATA/METADATA/1.ChatGPT-AgathaAgent/recurso-AG_layered_structure/10_layer-10-findings/README.md,base-or-copy
readme,17,RECURSO/METAMETADATA/METADATA/1.ChatGPT-AgathaAgent/recurso-AG_layered_structure/11_layer-11-decision/README.md,base-or-copy
readme,17,RECURSO/METAMETADATA/METADATA/1.ChatGPT-AgathaAgent/recurso-AG_layered_structure/12_layer-12-public-translation/README.md,base-or-copy
readme,17,RECURSO/METAMETADATA/METADATA/1.ChatGPT-AgathaAgent/recurso-AG_layered_structure/13_layer-13-runtime-and-operations/README.md,base-or-copy
readme,17,RECURSO/METAMETADATA/METADATA/1.ChatGPT-AgathaAgent/recurso-AG_layered_structure/14_contracts/README.md,base-or-copy
readme,17,RECURSO/METAMETADATA/METADATA/1.ChatGPT-AgathaAgent/recurso-AG_layered_structure/governance-authority/README.md,base-or-copy
readme,17,RECURSO/METAMETADATA/ai_governance_deliverables_package/contracts/README.md,base-or-copy
p0-ag-recurso-draft1-merged,12,SCRIPTS/Paper outcomes RESTART-2/AG-runner/P0-AG-RECURSO-DRAFT1-merged-revised.docx,draft+revised
p0-ag-recurso-draft1-merged,12,SCRIPTS/Paper outcomes RESTART-2/AG-runner/P0-AG-RECURSO-DRAFT1-merged-revised.md,draft+revised
p0-ag-recurso-draft1-merged,12,SCRIPTS/Paper outcomes RESTART-3/AG-runner/P0-AG-RECURSO-DRAFT1-merged-revised.docx,draft+revised
p0-ag-recurso-draft1-merged,12,SCRIPTS/Paper outcomes RESTART-3/AG-runner/P0-AG-RECURSO-DRAFT1-merged-revised.md,draft+revised
p0-ag-recurso-draft1-merged,12,SCRIPTS/Paper outcomes RESTART-4/AG-runner/P0-AG-RECURSO-DRAFT1-merged-revised.docx,draft+revised
p0-ag-recurso-draft1-merged,12,SCRIPTS/Paper outcomes RESTART-4/AG-runner/P0-AG-RECURSO-DRAFT1-merged-revised.md,draft+revised
p0-ag-recurso-draft1-merged,12,SCRIPTS/Paper outcomes RESTART/AG-runner/P0-AG-RECURSO-DRAFT1-merged-revised.docx,draft+revised
p0-ag-recurso-draft1-merged,12,SCRIPTS/Paper outcomes RESTART/AG-runner/P0-AG-RECURSO-DRAFT1-merged-revised.md,draft+revised
p0-ag-recurso-draft1-merged,12,SCRIPTS/Paper outcomes ROUND2/AG-runner/P0-AG-RECURSO-DRAFT1-merged-revised.docx,draft+revised
p0-ag-recurso-draft1-merged,12,SCRIPTS/Paper outcomes ROUND2/AG-runner/P0-AG-RECURSO-DRAFT1-merged-revised.md,draft+revised
p0-ag-recurso-draft1-merged,12,SCRIPTS/Paper outcomes/AG-runner/P0-AG-RECURSO-DRAFT1-merged-revised.docx,draft+revised
p0-ag-recurso-draft1-merged,12,SCRIPTS/Paper outcomes/AG-runner/P0-AG-RECURSO-DRAFT1-merged-revised.md,draft+revised
governance_deterministic_runner.cpython-312,8,SCRIPTS/Paper outcomes RESTART-2/AG-runner/__pycache__/governance_deterministic_runner.cpython-312.pyc,base-or-copy
governance_deterministic_runner.cpython-312,8,SCRIPTS/Paper outcomes RESTART-3/AG-runner/__pycache__/governance_deterministic_runner.cpython-312.pyc,base-or-copy
governance_deterministic_runner.cpython-312,8,SCRIPTS/Paper outcomes RESTART-4 RUNTIME-ARCHIVE/AG-runner/__pycache__/governance_deterministic_runner.cpython-312.pyc,base-or-copy
governance_deterministic_runner.cpython-312,8,SCRIPTS/Paper outcomes RESTART-4/AG-runner/__pycache__/governance_deterministic_runner.cpython-312.pyc,base-or-copy
governance_deterministic_runner.cpython-312,8,SCRIPTS/Paper outcomes RESTART/AG-runner/__pycache__/governance_deterministic_runner.cpython-312.pyc,base-or-copy
governance_deterministic_runner.cpython-312,8,SCRIPTS/Paper outcomes ROUND2/AG-runner/__pycache__/governance_deterministic_runner.cpython-312.pyc,base-or-copy
governance_deterministic_runner.cpython-312,8,SCRIPTS/Paper outcomes/AG-runner/__pycache__/governance_deterministic_runner.cpython-312.pyc,base-or-copy
governance_deterministic_runner.cpython-312,8,__pycache__/governance_deterministic_runner.cpython-312.pyc,base-or-copy
kingmalek,8,SCRIPTS/KINGMALEK.litcoffee,base-or-copy
kingmalek,8,SCRIPTS/KINGMALEK.md,base-or-copy
kingmalek,8,SCRIPTS/Paper outcomes RESTART-2/GEM-MALEK-PHENIX/KINGMALEK.py,base-or-copy
kingmalek,8,SCRIPTS/Paper outcomes RESTART-3/GEM-MALEK-PHENIX/KINGMALEK.py,base-or-copy
kingmalek,8,SCRIPTS/Paper outcomes RESTART-4/GEM-MALEK-PHENIX/KINGMALEK.py,base-or-copy
kingmalek,8,SCRIPTS/Paper outcomes RESTART/GEM-MALEK-PHENIX/KINGMALEK.py,base-or-copy
kingmalek,8,SCRIPTS/Paper outcomes ROUND2/GEM-MALEK-PHENIX/KINGMALEK.py,base-or-copy
kingmalek,8,SCRIPTS/Paper outcomes/GEM-MALEK-PHENIX/KINGMALEK.py,base-or-copy
recurso,8,RECURSO/METAMETADATA/METADATA/1.ChatGPT-AgathaAgent/RAW RECURSIVE DATA/RECURSUS/recurso (1).docx,base-or-copy
recurso,8,RECURSO/METAMETADATA/METADATA/1.ChatGPT-AgathaAgent/RAW RECURSIVE DATA/RECURSUS/recurso (1)_cleaned.docx,cleaned
recurso,8,RECURSO/METAMETADATA/METADATA/1.ChatGPT-AgathaAgent/RAW RECURSIVE DATA/RECURSUS/recurso (1)_completed_9000_clean.txt,completed
recurso,8,RECURSO/METAMETADATA/METADATA/1.ChatGPT-AgathaAgent/RAW RECURSIVE DATA/RECURSUS/recurso (1)_completed_clean.docx,completed
recurso,8,RECURSO/METAMETADATA/METADATA/1.ChatGPT-AgathaAgent/RAW RECURSIVE DATA/RECURSUS/recurso.docx,base-or-copy
recurso,8,RECURSO/METAMETADATA/METADATA/1.ChatGPT-AgathaAgent/RAW RECURSIVE DATA/RECURSUS/recurso_cleaned.docx,cleaned
recurso,8,RECURSO/METAMETADATA/METADATA/1.ChatGPT-AgathaAgent/RAW RECURSIVE DATA/RECURSUS/recurso_completed_9000_clean.txt,completed
recurso,8,RECURSO/METAMETADATA/METADATA/1.ChatGPT-AgathaAgent/RAW RECURSIVE DATA/RECURSUS/recurso_completed_clean.docx,completed
final_pass_unified_master_governance.cpython-312,7,SCRIPTS/Paper outcomes RESTART-2/__pycache__/final_pass_unified_master_governance.cpython-312.pyc,base-or-copy
final_pass_unified_master_governance.cpython-312,7,SCRIPTS/Paper outcomes RESTART-3/__pycache__/final_pass_unified_master_governance.cpython-312.pyc,base-or-copy
final_pass_unified_master_governance.cpython-312,7,SCRIPTS/Paper outcomes RESTART-4 RUNTIME-ARCHIVE/__pycache__/final_pass_unified_master_governance.cpython-312.pyc,base-or-copy
final_pass_unified_master_governance.cpython-312,7,SCRIPTS/Paper outcomes RESTART-4/__pycache__/final_pass_unified_master_governance.cpython-312.pyc,base-or-copy
final_pass_unified_master_governance.cpython-312,7,SCRIPTS/Paper outcomes RESTART/__pycache__/final_pass_unified_master_governance.cpython-312.pyc,base-or-copy
final_pass_unified_master_governance.cpython-312,7,SCRIPTS/Paper outcomes ROUND2/__pycache__/final_pass_unified_master_governance.cpython-312.pyc,base-or-copy
final_pass_unified_master_governance.cpython-312,7,SCRIPTS/Paper outcomes/__pycache__/final_pass_unified_master_governance.cpython-312.pyc,base-or-copy
governance_deterministic_runner,7,SCRIPTS/Paper outcomes RESTART-2/AG-runner/governance_deterministic_runner.py,base-or-copy
governance_deterministic_runner,7,SCRIPTS/Paper outcomes RESTART-3/AG-runner/governance_deterministic_runner.py,base-or-copy
governance_deterministic_runner,7,SCRIPTS/Paper outcomes RESTART-4/AG-runner/governance_deterministic_runner.py,base-or-copy
governance_deterministic_runner,7,SCRIPTS/Paper outcomes RESTART/AG-runner/governance_deterministic_runner.py,base-or-copy
governance_deterministic_runner,7,SCRIPTS/Paper outcomes ROUND2/AG-runner/governance_deterministic_runner.py,base-or-copy
governance_deterministic_runner,7,SCRIPTS/Paper outcomes/AG-runner/governance_deterministic_runner.py,base-or-copy
governance_deterministic_runner,7,SCRIPTS/governance_deterministic_runner.py,base-or-copy
pharos prince,7,SCRIPTS/PHAROS PRINCE.py,base-or-copy
pharos prince,7,SCRIPTS/Paper outcomes RESTART-2/AG-runner/PHAROS PRINCE.py,base-or-copy
pharos prince,7,SCRIPTS/Paper outcomes RESTART-3/AG-runner/PHAROS PRINCE.py,base-or-copy
pharos prince,7,SCRIPTS/Paper outcomes RESTART-4/AG-runner/PHAROS PRINCE.py,base-or-copy
pharos prince,7,SCRIPTS/Paper outcomes RESTART/AG-runner/PHAROS PRINCE.py,base-or-copy
pharos prince,7,SCRIPTS/Paper outcomes ROUND2/AG-runner/PHAROS PRINCE.py,base-or-copy
pharos prince,7,SCRIPTS/Paper outcomes/AG-runner/PHAROS PRINCE.py,base-or-copy
pharos prince.cpython-312,7,SCRIPTS/Paper outcomes RESTART-2/AG-runner/__pycache__/PHAROS PRINCE.cpython-312.pyc,base-or-copy
pharos prince.cpython-312,7,SCRIPTS/Paper outcomes RESTART-3/AG-runner/__pycache__/PHAROS PRINCE.cpython-312.pyc,base-or-copy
pharos prince.cpython-312,7,SCRIPTS/Paper outcomes RESTART-4 RUNTIME-ARCHIVE/AG-runner/__pycache__/PHAROS PRINCE.cpython-312.pyc,base-or-copy
pharos prince.cpython-312,7,SCRIPTS/Paper outcomes RESTART-4/AG-runner/__pycache__/PHAROS PRINCE.cpython-312.pyc,base-or-copy
pharos prince.cpython-312,7,SCRIPTS/Paper outcomes RESTART/AG-runner/__pycache__/PHAROS PRINCE.cpython-312.pyc,base-or-copy
pharos prince.cpython-312,7,SCRIPTS/Paper outcomes ROUND2/AG-runner/__pycache__/PHAROS PRINCE.cpython-312.pyc,base-or-copy
pharos prince.cpython-312,7,SCRIPTS/Paper outcomes/AG-runner/__pycache__/PHAROS PRINCE.cpython-312.pyc,base-or-copy
phenixking,7,SCRIPTS/PHENIXKING.md,base-or-copy
phenixking,7,SCRIPTS/Paper outcomes RESTART-2/GEM-MALEK-PHENIX/PHENIXKING.py,base-or-copy
phenixking,7,SCRIPTS/Paper outcomes RESTART-3/GEM-MALEK-PHENIX/PHENIXKING.py,base-or-copy
phenixking,7,SCRIPTS/Paper outcomes RESTART-4/GEM-MALEK-PHENIX/PHENIXKING.py,base-or-copy
phenixking,7,SCRIPTS/Paper outcomes RESTART/GEM-MALEK-PHENIX/PHENIXKING.py,base-or-copy
phenixking,7,SCRIPTS/Paper outcomes ROUND2/GEM-MALEK-PHENIX/PHENIXKING.py,base-or-copy
phenixking,7,SCRIPTS/Paper outcomes/GEM-MALEK-PHENIX/PHENIXKING.py,base-or-copy
salomon.cpython-312,7,SCRIPTS/Paper outcomes RESTART-2/ANTHRO-SALOMON/__pycache__/SALOMON.cpython-312.pyc,base-or-copy
salomon.cpython-312,7,SCRIPTS/Paper outcomes RESTART-3/ANTHRO-SALOMON/__pycache__/SALOMON.cpython-312.pyc,base-or-copy
salomon.cpython-312,7,SCRIPTS/Paper outcomes RESTART-4 RUNTIME-ARCHIVE/ANTHRO-SALOMON/__pycache__/SALOMON.cpython-312.pyc,base-or-copy
salomon.cpython-312,7,SCRIPTS/Paper outcomes RESTART-4/ANTHRO-SALOMON/__pycache__/SALOMON.cpython-312.pyc,base-or-copy
salomon.cpython-312,7,SCRIPTS/Paper outcomes RESTART/ANTHRO-SALOMON/__pycache__/SALOMON.cpython-312.pyc,base-or-copy
salomon.cpython-312,7,SCRIPTS/Paper outcomes ROUND2/ANTHRO-SALOMON/__pycache__/SALOMON.cpython-312.pyc,base-or-copy
salomon.cpython-312,7,SCRIPTS/Paper outcomes/ANTHRO-SALOMON/__pycache__/SALOMON.cpython-312.pyc,base-or-copy
ag-runner-md-with-readme-key-2426d4903d,6,SCRIPTS/Paper outcomes RESTART-2/AG-runner/governance_runs/ag-runner-md-with-readme-key-2426d4903d.zip,base-or-copy
ag-runner-md-with-readme-key-2426d4903d,6,SCRIPTS/Paper outcomes RESTART-3/AG-runner/governance_runs/ag-runner-md-with-readme-key-2426d4903d.zip,base-or-copy
ag-runner-md-with-readme-key-2426d4903d,6,SCRIPTS/Paper outcomes RESTART-4 RUNTIME-ARCHIVE/AG-runner/governance_runs/ag-runner-md-with-readme-key-2426d4903d.zip,base-or-copy
ag-runner-md-with-readme-key-2426d4903d,6,SCRIPTS/Paper outcomes RESTART/AG-runner/governance_runs/ag-runner-md-with-readme-key-2426d4903d.zip,base-or-copy
ag-runner-md-with-readme-key-2426d4903d,6,SCRIPTS/Paper outcomes ROUND2/AG-runner/governance_runs/ag-runner-md-with-readme-key-2426d4903d.zip,base-or-copy
ag-runner-md-with-readme-key-2426d4903d,6,SCRIPTS/Paper outcomes/AG-runner/governance_runs/ag-runner-md-with-readme-key-2426d4903d.zip,base-or-copy
casefile-ag-runner-md-with-readme-key-2426d4903d,6,SCRIPTS/Paper outcomes RESTART-2/AG-runner/governance_runs/ag-runner-md-with-readme-key-2426d4903d/casefile-ag-runner-md-with-readme-key-2426d4903d.v1.json,base-or-copy
casefile-ag-runner-md-with-readme-key-2426d4903d,6,SCRIPTS/Paper outcomes RESTART-3/AG-runner/governance_runs/ag-runner-md-with-readme-key-2426d4903d/casefile-ag-runner-md-with-readme-key-2426d4903d.v1.json,base-or-copy
casefile-ag-runner-md-with-readme-key-2426d4903d,6,SCRIPTS/Paper outcomes RESTART-4 RUNTIME-ARCHIVE/AG-runner/governance_runs/ag-runner-md-with-readme-key-2426d4903d/casefile-ag-runner-md-with-readme-key-2426d4903d.v1.json,base-or-copy
casefile-ag-runner-md-with-readme-key-2426d4903d,6,SCRIPTS/Paper outcomes RESTART/AG-runner/governance_runs/ag-runner-md-with-readme-key-2426d4903d/casefile-ag-runner-md-with-readme-key-2426d4903d.v1.json,base-or-copy
casefile-ag-runner-md-with-readme-key-2426d4903d,6,SCRIPTS/Paper outcomes ROUND2/AG-runner/governance_runs/ag-runner-md-with-readme-key-2426d4903d/casefile-ag-runner-md-with-readme-key-2426d4903d.v1.json,base-or-copy
casefile-ag-runner-md-with-readme-key-2426d4903d,6,SCRIPTS/Paper outcomes/AG-runner/governance_runs/ag-runner-md-with-readme-key-2426d4903d/casefile-ag-runner-md-with-readme-key-2426d4903d.v1.json,base-or-copy
casefile-debug-kingmalek-smoke-16a6b2387f,6,SCRIPTS/Paper outcomes RESTART-2/GEM-MALEK-PHENIX/debug_runs/kingmalek/debug-kingmalek-smoke-16a6b2387f/casefile-debug-kingmalek-smoke-16a6b2387f.v1.json,base-or-copy
casefile-debug-kingmalek-smoke-16a6b2387f,6,SCRIPTS/Paper outcomes RESTART-3/GEM-MALEK-PHENIX/debug_runs/kingmalek/debug-kingmalek-smoke-16a6b2387f/casefile-debug-kingmalek-smoke-16a6b2387f.v1.json,base-or-copy
casefile-debug-kingmalek-smoke-16a6b2387f,6,SCRIPTS/Paper outcomes RESTART-4 RUNTIME-ARCHIVE/GEM-MALEK-PHENIX/debug_runs/kingmalek/debug-kingmalek-smoke-16a6b2387f/casefile-debug-kingmalek-smoke-16a6b2387f.v1.json,base-or-copy
casefile-debug-kingmalek-smoke-16a6b2387f,6,SCRIPTS/Paper outcomes RESTART/GEM-MALEK-PHENIX/debug_runs/kingmalek/debug-kingmalek-smoke-16a6b2387f/casefile-debug-kingmalek-smoke-16a6b2387f.v1.json,base-or-copy
casefile-debug-kingmalek-smoke-16a6b2387f,6,SCRIPTS/Paper outcomes ROUND2/GEM-MALEK-PHENIX/debug_runs/kingmalek/debug-kingmalek-smoke-16a6b2387f/casefile-debug-kingmalek-smoke-16a6b2387f.v1.json,base-or-copy
casefile-debug-kingmalek-smoke-16a6b2387f,6,SCRIPTS/Paper outcomes/GEM-MALEK-PHENIX/debug_runs/kingmalek/debug-kingmalek-smoke-16a6b2387f/casefile-debug-kingmalek-smoke-16a6b2387f.v1.json,base-or-copy
casefile-kingmalek-md-readme-zip-afaf0136e9,6,SCRIPTS/Paper outcomes RESTART-2/GEM-MALEK-PHENIX/parallel_runs/kingmalek/kingmalek-md-readme-zip-afaf0136e9/casefile-kingmalek-md-readme-zip-afaf0136e9.v1.json,base-or-copy
casefile-kingmalek-md-readme-zip-afaf0136e9,6,SCRIPTS/Paper outcomes RESTART-3/GEM-MALEK-PHENIX/parallel_runs/kingmalek/kingmalek-md-readme-zip-afaf0136e9/casefile-kingmalek-md-readme-zip-afaf0136e9.v1.json,base-or-copy
casefile-kingmalek-md-readme-zip-afaf0136e9,6,SCRIPTS/Paper outcomes RESTART-4 RUNTIME-ARCHIVE/GEM-MALEK-PHENIX/parallel_runs/kingmalek/kingmalek-md-readme-zip-afaf0136e9/casefile-kingmalek-md-readme-zip-afaf0136e9.v1.json,base-or-copy
casefile-kingmalek-md-readme-zip-afaf0136e9,6,SCRIPTS/Paper outcomes RESTART/GEM-MALEK-PHENIX/parallel_runs/kingmalek/kingmalek-md-readme-zip-afaf0136e9/casefile-kingmalek-md-readme-zip-afaf0136e9.v1.json,base-or-copy
casefile-kingmalek-md-readme-zip-afaf0136e9,6,SCRIPTS/Paper outcomes ROUND2/GEM-MALEK-PHENIX/parallel_runs/kingmalek/kingmalek-md-readme-zip-afaf0136e9/casefile-kingmalek-md-readme-zip-afaf0136e9.v1.json,base-or-copy
casefile-kingmalek-md-readme-zip-afaf0136e9,6,SCRIPTS/Paper outcomes/GEM-MALEK-PHENIX/parallel_runs/kingmalek/kingmalek-md-readme-zip-afaf0136e9/casefile-kingmalek-md-readme-zip-afaf0136e9.v1.json,base-or-copy
casefile-parallel-kingmalek-wrapper-5861bc1349,6,SCRIPTS/Paper outcomes RESTART-2/GEM-MALEK-PHENIX/parallel_runs/kingmalek-wrapper/parallel-kingmalek-wrapper-5861bc1349/casefile-parallel-kingmalek-wrapper-5861bc1349.v1.json,base-or-copy
casefile-parallel-kingmalek-wrapper-5861bc1349,6,SCRIPTS/Paper outcomes RESTART-3/GEM-MALEK-PHENIX/parallel_runs/kingmalek-wrapper/parallel-kingmalek-wrapper-5861bc1349/casefile-parallel-kingmalek-wrapper-5861bc1349.v1.json,base-or-copy
casefile-parallel-kingmalek-wrapper-5861bc1349,6,SCRIPTS/Paper outcomes RESTART-4 RUNTIME-ARCHIVE/GEM-MALEK-PHENIX/parallel_runs/kingmalek-wrapper/parallel-kingmalek-wrapper-5861bc1349/casefile-parallel-kingmalek-wrapper-5861bc1349.v1.json,base-or-copy
casefile-parallel-kingmalek-wrapper-5861bc1349,6,SCRIPTS/Paper outcomes RESTART/GEM-MALEK-PHENIX/parallel_runs/kingmalek-wrapper/parallel-kingmalek-wrapper-5861bc1349/casefile-parallel-kingmalek-wrapper-5861bc1349.v1.json,base-or-copy
casefile-parallel-kingmalek-wrapper-5861bc1349,6,SCRIPTS/Paper outcomes ROUND2/GEM-MALEK-PHENIX/parallel_runs/kingmalek-wrapper/parallel-kingmalek-wrapper-5861bc1349/casefile-parallel-kingmalek-wrapper-5861bc1349.v1.json,base-or-copy
casefile-parallel-kingmalek-wrapper-5861bc1349,6,SCRIPTS/Paper outcomes/GEM-MALEK-PHENIX/parallel_runs/kingmalek-wrapper/parallel-kingmalek-wrapper-5861bc1349/casefile-parallel-kingmalek-wrapper-5861bc1349.v1.json,base-or-copy
decision-packet-ag-runner-md-with-readme-key-2426d4903d,6,SCRIPTS/Paper outcomes RESTART-2/AG-runner/governance_runs/ag-runner-md-with-readme-key-2426d4903d/decision-packet-ag-runner-md-with-readme-key-2426d4903d.v1.json,base-or-copy
decision-packet-ag-runner-md-with-readme-key-2426d4903d,6,SCRIPTS/Paper outcomes RESTART-3/AG-runner/governance_runs/ag-runner-md-with-readme-key-2426d4903d/decision-packet-ag-runner-md-with-readme-key-2426d4903d.v1.json,base-or-copy
decision-packet-ag-runner-md-with-readme-key-2426d4903d,6,SCRIPTS/Paper outcomes RESTART-4 RUNTIME-ARCHIVE/AG-runner/governance_runs/ag-runner-md-with-readme-key-2426d4903d/decision-packet-ag-runner-md-with-readme-key-2426d4903d.v1.json,base-or-copy
decision-packet-ag-runner-md-with-readme-key-2426d4903d,6,SCRIPTS/Paper outcomes RESTART/AG-runner/governance_runs/ag-runner-md-with-readme-key-2426d4903d/decision-packet-ag-runner-md-with-readme-key-2426d4903d.v1.json,base-or-copy
decision-packet-ag-runner-md-with-readme-key-2426d4903d,6,SCRIPTS/Paper outcomes ROUND2/AG-runner/governance_runs/ag-runner-md-with-readme-key-2426d4903d/decision-packet-ag-runner-md-with-readme-key-2426d4903d.v1.json,base-or-copy
decision-packet-ag-runner-md-with-readme-key-2426d4903d,6,SCRIPTS/Paper outcomes/AG-runner/governance_runs/ag-runner-md-with-readme-key-2426d4903d/decision-packet-ag-runner-md-with-readme-key-2426d4903d.v1.json,base-or-copy
decision-packet-debug-kingmalek-smoke-16a6b2387f,6,SCRIPTS/Paper outcomes RESTART-2/GEM-MALEK-PHENIX/debug_runs/kingmalek/debug-kingmalek-smoke-16a6b2387f/decision-packet-debug-kingmalek-smoke-16a6b2387f.v1.json,base-or-copy
decision-packet-debug-kingmalek-smoke-16a6b2387f,6,SCRIPTS/Paper outcomes RESTART-3/GEM-MALEK-PHENIX/debug_runs/kingmalek/debug-kingmalek-smoke-16a6b2387f/decision-packet-debug-kingmalek-smoke-16a6b2387f.v1.json,base-or-copy
decision-packet-debug-kingmalek-smoke-16a6b2387f,6,SCRIPTS/Paper outcomes RESTART-4 RUNTIME-ARCHIVE/GEM-MALEK-PHENIX/debug_runs/kingmalek/debug-kingmalek-smoke-16a6b2387f/decision-packet-debug-kingmalek-smoke-16a6b2387f.v1.json,base-or-copy
decision-packet-debug-kingmalek-smoke-16a6b2387f,6,SCRIPTS/Paper outcomes RESTART/GEM-MALEK-PHENIX/debug_runs/kingmalek/debug-kingmalek-smoke-16a6b2387f/decision-packet-debug-kingmalek-smoke-16a6b2387f.v1.json,base-or-copy
decision-packet-debug-kingmalek-smoke-16a6b2387f,6,SCRIPTS/Paper outcomes ROUND2/GEM-MALEK-PHENIX/debug_runs/kingmalek/debug-kingmalek-smoke-16a6b2387f/decision-packet-debug-kingmalek-smoke-16a6b2387f.v1.json,base-or-copy
decision-packet-debug-kingmalek-smoke-16a6b2387f,6,SCRIPTS/Paper outcomes/GEM-MALEK-PHENIX/debug_runs/kingmalek/debug-kingmalek-smoke-16a6b2387f/decision-packet-debug-kingmalek-smoke-16a6b2387f.v1.json,base-or-copy
decision-packet-kingmalek-md-readme-zip-afaf0136e9,6,SCRIPTS/Paper outcomes RESTART-2/GEM-MALEK-PHENIX/parallel_runs/kingmalek/kingmalek-md-readme-zip-afaf0136e9/decision-packet-kingmalek-md-readme-zip-afaf0136e9.v1.json,base-or-copy
decision-packet-kingmalek-md-readme-zip-afaf0136e9,6,SCRIPTS/Paper outcomes RESTART-3/GEM-MALEK-PHENIX/parallel_runs/kingmalek/kingmalek-md-readme-zip-afaf0136e9/decision-packet-kingmalek-md-readme-zip-afaf0136e9.v1.json,base-or-copy
decision-packet-kingmalek-md-readme-zip-afaf0136e9,6,SCRIPTS/Paper outcomes RESTART-4 RUNTIME-ARCHIVE/GEM-MALEK-PHENIX/parallel_runs/kingmalek/kingmalek-md-readme-zip-afaf0136e9/decision-packet-kingmalek-md-readme-zip-afaf0136e9.v1.json,base-or-copy
decision-packet-kingmalek-md-readme-zip-afaf0136e9,6,SCRIPTS/Paper outcomes RESTART/GEM-MALEK-PHENIX/parallel_runs/kingmalek/kingmalek-md-readme-zip-afaf0136e9/decision-packet-kingmalek-md-readme-zip-afaf0136e9.v1.json,base-or-copy
decision-packet-kingmalek-md-readme-zip-afaf0136e9,6,SCRIPTS/Paper outcomes ROUND2/GEM-MALEK-PHENIX/parallel_runs/kingmalek/kingmalek-md-readme-zip-afaf0136e9/decision-packet-kingmalek-md-readme-zip-afaf0136e9.v1.json,base-or-copy
decision-packet-kingmalek-md-readme-zip-afaf0136e9,6,SCRIPTS/Paper outcomes/GEM-MALEK-PHENIX/parallel_runs/kingmalek/kingmalek-md-readme-zip-afaf0136e9/decision-packet-kingmalek-md-readme-zip-afaf0136e9.v1.json,base-or-copy
decision-packet-parallel-kingmalek-wrapper-5861bc1349,6,SCRIPTS/Paper outcomes RESTART-2/GEM-MALEK-PHENIX/parallel_runs/kingmalek-wrapper/parallel-kingmalek-wrapper-5861bc1349/decision-packet-parallel-kingmalek-wrapper-5861bc1349.v1.json,base-or-copy
decision-packet-parallel-kingmalek-wrapper-5861bc1349,6,SCRIPTS/Paper outcomes RESTART-3/GEM-MALEK-PHENIX/parallel_runs/kingmalek-wrapper/parallel-kingmalek-wrapper-5861bc1349/decision-packet-parallel-kingmalek-wrapper-5861bc1349.v1.json,base-or-copy
decision-packet-parallel-kingmalek-wrapper-5861bc1349,6,SCRIPTS/Paper outcomes RESTART-4 RUNTIME-ARCHIVE/GEM-MALEK-PHENIX/parallel_runs/kingmalek-wrapper/parallel-kingmalek-wrapper-5861bc1349/decision-packet-parallel-kingmalek-wrapper-5861bc1349.v1.json,base-or-copy
decision-packet-parallel-kingmalek-wrapper-5861bc1349,6,SCRIPTS/Paper outcomes RESTART/GEM-MALEK-PHENIX/parallel_runs/kingmalek-wrapper/parallel-kingmalek-wrapper-5861bc1349/decision-packet-parallel-kingmalek-wrapper-5861bc1349.v1.json,base-or-copy
decision-packet-parallel-kingmalek-wrapper-5861bc1349,6,SCRIPTS/Paper outcomes ROUND2/GEM-MALEK-PHENIX/parallel_runs/kingmalek-wrapper/parallel-kingmalek-wrapper-5861bc1349/decision-packet-parallel-kingmalek-wrapper-5861bc1349.v1.json,base-or-copy
decision-packet-parallel-kingmalek-wrapper-5861bc1349,6,SCRIPTS/Paper outcomes/GEM-MALEK-PHENIX/parallel_runs/kingmalek-wrapper/parallel-kingmalek-wrapper-5861bc1349/decision-packet-parallel-kingmalek-wrapper-5861bc1349.v1.json,base-or-copy
final_pass_unified_master_governance,6,SCRIPTS/Paper outcomes RESTART-2/final_pass_unified_master_governance.py,base-or-copy
final_pass_unified_master_governance,6,SCRIPTS/Paper outcomes RESTART-3/final_pass_unified_master_governance.py,base-or-copy
final_pass_unified_master_governance,6,SCRIPTS/Paper outcomes RESTART-4/final_pass_unified_master_governance.py,base-or-copy
final_pass_unified_master_governance,6,SCRIPTS/Paper outcomes RESTART/final_pass_unified_master_governance.py,base-or-copy
final_pass_unified_master_governance,6,SCRIPTS/Paper outcomes ROUND2/final_pass_unified_master_governance.py,base-or-copy
final_pass_unified_master_governance,6,SCRIPTS/Paper outcomes/final_pass_unified_master_governance.py,base-or-copy
kingmalek.cpython-312,6,SCRIPTS/Paper outcomes RESTART-2/GEM-MALEK-PHENIX/__pycache__/KINGMALEK.cpython-312.pyc,base-or-copy
kingmalek.cpython-312,6,SCRIPTS/Paper outcomes RESTART-3/GEM-MALEK-PHENIX/__pycache__/KINGMALEK.cpython-312.pyc,base-or-copy
kingmalek.cpython-312,6,SCRIPTS/Paper outcomes RESTART-4 RUNTIME-ARCHIVE/GEM-MALEK-PHENIX/__pycache__/KINGMALEK.cpython-312.pyc,base-or-copy
kingmalek.cpython-312,6,SCRIPTS/Paper outcomes RESTART-4/GEM-MALEK-PHENIX/__pycache__/KINGMALEK.cpython-312.pyc,base-or-copy
kingmalek.cpython-312,6,SCRIPTS/Paper outcomes RESTART/GEM-MALEK-PHENIX/__pycache__/KINGMALEK.cpython-312.pyc,base-or-copy
kingmalek.cpython-312,6,SCRIPTS/Paper outcomes/GEM-MALEK-PHENIX/__pycache__/KINGMALEK.cpython-312.pyc,base-or-copy
outcome-ag-runner-md-with-readme-key-2426d4903d,6,SCRIPTS/Paper outcomes RESTART-2/AG-runner/governance_runs/ag-runner-md-with-readme-key-2426d4903d/outcome-ag-runner-md-with-readme-key-2426d4903d.v1.json,base-or-copy
outcome-ag-runner-md-with-readme-key-2426d4903d,6,SCRIPTS/Paper outcomes RESTART-3/AG-runner/governance_runs/ag-runner-md-with-readme-key-2426d4903d/outcome-ag-runner-md-with-readme-key-2426d4903d.v1.json,base-or-copy
outcome-ag-runner-md-with-readme-key-2426d4903d,6,SCRIPTS/Paper outcomes RESTART-4 RUNTIME-ARCHIVE/AG-runner/governance_runs/ag-runner-md-with-readme-key-2426d4903d/outcome-ag-runner-md-with-readme-key-2426d4903d.v1.json,base-or-copy
outcome-ag-runner-md-with-readme-key-2426d4903d,6,SCRIPTS/Paper outcomes RESTART/AG-runner/governance_runs/ag-runner-md-with-readme-key-2426d4903d/outcome-ag-runner-md-with-readme-key-2426d4903d.v1.json,base-or-copy
outcome-ag-runner-md-with-readme-key-2426d4903d,6,SCRIPTS/Paper outcomes ROUND2/AG-runner/governance_runs/ag-runner-md-with-readme-key-2426d4903d/outcome-ag-runner-md-with-readme-key-2426d4903d.v1.json,base-or-copy
outcome-ag-runner-md-with-readme-key-2426d4903d,6,SCRIPTS/Paper outcomes/AG-runner/governance_runs/ag-runner-md-with-readme-key-2426d4903d/outcome-ag-runner-md-with-readme-key-2426d4903d.v1.json,base-or-copy
outcome-debug-kingmalek-smoke-16a6b2387f,6,SCRIPTS/Paper outcomes RESTART-2/GEM-MALEK-PHENIX/debug_runs/kingmalek/debug-kingmalek-smoke-16a6b2387f/outcome-debug-kingmalek-smoke-16a6b2387f.v1.json,base-or-copy
outcome-debug-kingmalek-smoke-16a6b2387f,6,SCRIPTS/Paper outcomes RESTART-3/GEM-MALEK-PHENIX/debug_runs/kingmalek/debug-kingmalek-smoke-16a6b2387f/outcome-debug-kingmalek-smoke-16a6b2387f.v1.json,base-or-copy
outcome-debug-kingmalek-smoke-16a6b2387f,6,SCRIPTS/Paper outcomes RESTART-4 RUNTIME-ARCHIVE/GEM-MALEK-PHENIX/debug_runs/kingmalek/debug-kingmalek-smoke-16a6b2387f/outcome-debug-kingmalek-smoke-16a6b2387f.v1.json,base-or-copy
outcome-debug-kingmalek-smoke-16a6b2387f,6,SCRIPTS/Paper outcomes RESTART/GEM-MALEK-PHENIX/debug_runs/kingmalek/debug-kingmalek-smoke-16a6b2387f/outcome-debug-kingmalek-smoke-16a6b2387f.v1.json,base-or-copy
outcome-debug-kingmalek-smoke-16a6b2387f,6,SCRIPTS/Paper outcomes ROUND2/GEM-MALEK-PHENIX/debug_runs/kingmalek/debug-kingmalek-smoke-16a6b2387f/outcome-debug-kingmalek-smoke-16a6b2387f.v1.json,base-or-copy
outcome-debug-kingmalek-smoke-16a6b2387f,6,SCRIPTS/Paper outcomes/GEM-MALEK-PHENIX/debug_runs/kingmalek/debug-kingmalek-smoke-16a6b2387f/outcome-debug-kingmalek-smoke-16a6b2387f.v1.json,base-or-copy
outcome-kingmalek-md-readme-zip-afaf0136e9,6,SCRIPTS/Paper outcomes RESTART-2/GEM-MALEK-PHENIX/parallel_runs/kingmalek/kingmalek-md-readme-zip-afaf0136e9/outcome-kingmalek-md-readme-zip-afaf0136e9.v1.json,base-or-copy
outcome-kingmalek-md-readme-zip-afaf0136e9,6,SCRIPTS/Paper outcomes RESTART-3/GEM-MALEK-PHENIX/parallel_runs/kingmalek/kingmalek-md-readme-zip-afaf0136e9/outcome-kingmalek-md-readme-zip-afaf0136e9.v1.json,base-or-copy
outcome-kingmalek-md-readme-zip-afaf0136e9,6,SCRIPTS/Paper outcomes RESTART-4 RUNTIME-ARCHIVE/GEM-MALEK-PHENIX/parallel_runs/kingmalek/kingmalek-md-readme-zip-afaf0136e9/outcome-kingmalek-md-readme-zip-afaf0136e9.v1.json,base-or-copy
outcome-kingmalek-md-readme-zip-afaf0136e9,6,SCRIPTS/Paper outcomes RESTART/GEM-MALEK-PHENIX/parallel_runs/kingmalek/kingmalek-md-readme-zip-afaf0136e9/outcome-kingmalek-md-readme-zip-afaf0136e9.v1.json,base-or-copy
outcome-kingmalek-md-readme-zip-afaf0136e9,6,SCRIPTS/Paper outcomes ROUND2/GEM-MALEK-PHENIX/parallel_runs/kingmalek/kingmalek-md-readme-zip-afaf0136e9/outcome-kingmalek-md-readme-zip-afaf0136e9.v1.json,base-or-copy
outcome-kingmalek-md-readme-zip-afaf0136e9,6,SCRIPTS/Paper outcomes/GEM-MALEK-PHENIX/parallel_runs/kingmalek/kingmalek-md-readme-zip-afaf0136e9/outcome-kingmalek-md-readme-zip-afaf0136e9.v1.json,base-or-copy
outcome-parallel-kingmalek-wrapper-5861bc1349,6,SCRIPTS/Paper outcomes RESTART-2/GEM-MALEK-PHENIX/parallel_runs/kingmalek-wrapper/parallel-kingmalek-wrapper-5861bc1349/outcome-parallel-kingmalek-wrapper-5861bc1349.v1.json,base-or-copy
outcome-parallel-kingmalek-wrapper-5861bc1349,6,SCRIPTS/Paper outcomes RESTART-3/GEM-MALEK-PHENIX/parallel_runs/kingmalek-wrapper/parallel-kingmalek-wrapper-5861bc1349/outcome-parallel-kingmalek-wrapper-5861bc1349.v1.json,base-or-copy
outcome-parallel-kingmalek-wrapper-5861bc1349,6,SCRIPTS/Paper outcomes RESTART-4 RUNTIME-ARCHIVE/GEM-MALEK-PHENIX/parallel_runs/kingmalek-wrapper/parallel-kingmalek-wrapper-5861bc1349/outcome-parallel-kingmalek-wrapper-5861bc1349.v1.json,base-or-copy
outcome-parallel-kingmalek-wrapper-5861bc1349,6,SCRIPTS/Paper outcomes RESTART/GEM-MALEK-PHENIX/parallel_runs/kingmalek-wrapper/parallel-kingmalek-wrapper-5861bc1349/outcome-parallel-kingmalek-wrapper-5861bc1349.v1.json,base-or-copy
outcome-parallel-kingmalek-wrapper-5861bc1349,6,SCRIPTS/Paper outcomes ROUND2/GEM-MALEK-PHENIX/parallel_runs/kingmalek-wrapper/parallel-kingmalek-wrapper-5861bc1349/outcome-parallel-kingmalek-wrapper-5861bc1349.v1.json,base-or-copy
outcome-parallel-kingmalek-wrapper-5861bc1349,6,SCRIPTS/Paper outcomes/GEM-MALEK-PHENIX/parallel_runs/kingmalek-wrapper/parallel-kingmalek-wrapper-5861bc1349/outcome-parallel-kingmalek-wrapper-5861bc1349.v1.json,base-or-copy
phenixking.cpython-312,6,SCRIPTS/Paper outcomes RESTART-2/GEM-MALEK-PHENIX/__pycache__/PHENIXKING.cpython-312.pyc,base-or-copy
phenixking.cpython-312,6,SCRIPTS/Paper outcomes RESTART-3/GEM-MALEK-PHENIX/__pycache__/PHENIXKING.cpython-312.pyc,base-or-copy
phenixking.cpython-312,6,SCRIPTS/Paper outcomes RESTART-4 RUNTIME-ARCHIVE/GEM-MALEK-PHENIX/__pycache__/PHENIXKING.cpython-312.pyc,base-or-copy
phenixking.cpython-312,6,SCRIPTS/Paper outcomes RESTART-4/GEM-MALEK-PHENIX/__pycache__/PHENIXKING.cpython-312.pyc,base-or-copy
phenixking.cpython-312,6,SCRIPTS/Paper outcomes RESTART/GEM-MALEK-PHENIX/__pycache__/PHENIXKING.cpython-312.pyc,base-or-copy
phenixking.cpython-312,6,SCRIPTS/Paper outcomes/GEM-MALEK-PHENIX/__pycache__/PHENIXKING.cpython-312.pyc,base-or-copy
readme0,6,SCRIPTS/Paper outcomes RESTART-2/AG-runner/README0.txt,base-or-copy
readme0,6,SCRIPTS/Paper outcomes RESTART-3/AG-runner/README0.txt,base-or-copy
readme0,6,SCRIPTS/Paper outcomes RESTART-4/AG-runner/README0.txt,base-or-copy
readme0,6,SCRIPTS/Paper outcomes RESTART/AG-runner/README0.txt,base-or-copy
readme0,6,SCRIPTS/Paper outcomes ROUND2/AG-runner/README0.txt,base-or-copy
readme0,6,SCRIPTS/Paper outcomes/AG-runner/README0.txt,base-or-copy
readme1,6,SCRIPTS/Paper outcomes RESTART-2/GEM-MALEK-PHENIX/README1.txt,base-or-copy
readme1,6,SCRIPTS/Paper outcomes RESTART-3/GEM-MALEK-PHENIX/README1.txt,base-or-copy
readme1,6,SCRIPTS/Paper outcomes RESTART-4/GEM-MALEK-PHENIX/README1.txt,base-or-copy
readme1,6,SCRIPTS/Paper outcomes RESTART/GEM-MALEK-PHENIX/README1.txt,base-or-copy
readme1,6,SCRIPTS/Paper outcomes ROUND2/GEM-MALEK-PHENIX/README1.txt,base-or-copy
readme1,6,SCRIPTS/Paper outcomes/GEM-MALEK-PHENIX/README1.txt,base-or-copy
readme2,6,SCRIPTS/Paper outcomes RESTART-2/ANTHRO-SALOMON/README2.txt,base-or-copy
readme2,6,SCRIPTS/Paper outcomes RESTART-3/ANTHRO-SALOMON/README2.txt,base-or-copy
readme2,6,SCRIPTS/Paper outcomes RESTART-4/ANTHRO-SALOMON/README2.txt,base-or-copy
readme2,6,SCRIPTS/Paper outcomes RESTART/ANTHRO-SALOMON/README2.txt,base-or-copy
readme2,6,SCRIPTS/Paper outcomes ROUND2/ANTHRO-SALOMON/README2.txt,base-or-copy
readme2,6,SCRIPTS/Paper outcomes/ANTHRO-SALOMON/README2.txt,base-or-copy
readme3,6,SCRIPTS/Paper outcomes RESTART-2/README3.txt,base-or-copy
readme3,6,SCRIPTS/Paper outcomes RESTART-3/README3.txt,base-or-copy
readme3,6,SCRIPTS/Paper outcomes RESTART-4/README3.txt,base-or-copy
readme3,6,SCRIPTS/Paper outcomes RESTART/README3.txt,base-or-copy
readme3,6,SCRIPTS/Paper outcomes ROUND2/README3.txt,base-or-copy
readme3,6,SCRIPTS/Paper outcomes/README3.txt,base-or-copy
salomon,6,SCRIPTS/Paper outcomes RESTART-2/ANTHRO-SALOMON/SALOMON.py,base-or-copy
salomon,6,SCRIPTS/Paper outcomes RESTART-3/ANTHRO-SALOMON/SALOMON.py,base-or-copy
salomon,6,SCRIPTS/Paper outcomes RESTART-4/ANTHRO-SALOMON/SALOMON.py,base-or-copy
salomon,6,SCRIPTS/Paper outcomes RESTART/ANTHRO-SALOMON/SALOMON.py,base-or-copy
salomon,6,SCRIPTS/Paper outcomes ROUND2/ANTHRO-SALOMON/SALOMON.py,base-or-copy
salomon,6,SCRIPTS/Paper outcomes/ANTHRO-SALOMON/SALOMON.py,base-or-copy
salomon.composite-reference.py,6,SCRIPTS/Paper outcomes RESTART-2/ANTHRO-SALOMON/SALOMON.composite-reference.py.txt,base-or-copy
salomon.composite-reference.py,6,SCRIPTS/Paper outcomes RESTART-3/ANTHRO-SALOMON/SALOMON.composite-reference.py.txt,base-or-copy
salomon.composite-reference.py,6,SCRIPTS/Paper outcomes RESTART-4/ANTHRO-SALOMON/SALOMON.composite-reference.py.txt,base-or-copy
salomon.composite-reference.py,6,SCRIPTS/Paper outcomes RESTART/ANTHRO-SALOMON/SALOMON.composite-reference.py.txt,base-or-copy
salomon.composite-reference.py,6,SCRIPTS/Paper outcomes ROUND2/ANTHRO-SALOMON/SALOMON.composite-reference.py.txt,base-or-copy
salomon.composite-reference.py,6,SCRIPTS/Paper outcomes/ANTHRO-SALOMON/SALOMON.composite-reference.py.txt,base-or-copy
triage-ag-runner-md-with-readme-key-2426d4903d,6,SCRIPTS/Paper outcomes RESTART-2/AG-runner/governance_runs/ag-runner-md-with-readme-key-2426d4903d/triage-ag-runner-md-with-readme-key-2426d4903d.v1.json,base-or-copy
triage-ag-runner-md-with-readme-key-2426d4903d,6,SCRIPTS/Paper outcomes RESTART-3/AG-runner/governance_runs/ag-runner-md-with-readme-key-2426d4903d/triage-ag-runner-md-with-readme-key-2426d4903d.v1.json,base-or-copy
triage-ag-runner-md-with-readme-key-2426d4903d,6,SCRIPTS/Paper outcomes RESTART-4 RUNTIME-ARCHIVE/AG-runner/governance_runs/ag-runner-md-with-readme-key-2426d4903d/triage-ag-runner-md-with-readme-key-2426d4903d.v1.json,base-or-copy
triage-ag-runner-md-with-readme-key-2426d4903d,6,SCRIPTS/Paper outcomes RESTART/AG-runner/governance_runs/ag-runner-md-with-readme-key-2426d4903d/triage-ag-runner-md-with-readme-key-2426d4903d.v1.json,base-or-copy
triage-ag-runner-md-with-readme-key-2426d4903d,6,SCRIPTS/Paper outcomes ROUND2/AG-runner/governance_runs/ag-runner-md-with-readme-key-2426d4903d/triage-ag-runner-md-with-readme-key-2426d4903d.v1.json,base-or-copy
triage-ag-runner-md-with-readme-key-2426d4903d,6,SCRIPTS/Paper outcomes/AG-runner/governance_runs/ag-runner-md-with-readme-key-2426d4903d/triage-ag-runner-md-with-readme-key-2426d4903d.v1.json,base-or-copy
triage-debug-kingmalek-smoke-16a6b2387f,6,SCRIPTS/Paper outcomes RESTART-2/GEM-MALEK-PHENIX/debug_runs/kingmalek/debug-kingmalek-smoke-16a6b2387f/triage-debug-kingmalek-smoke-16a6b2387f.v1.json,base-or-copy
triage-debug-kingmalek-smoke-16a6b2387f,6,SCRIPTS/Paper outcomes RESTART-3/GEM-MALEK-PHENIX/debug_runs/kingmalek/debug-kingmalek-smoke-16a6b2387f/triage-debug-kingmalek-smoke-16a6b2387f.v1.json,base-or-copy
triage-debug-kingmalek-smoke-16a6b2387f,6,SCRIPTS/Paper outcomes RESTART-4 RUNTIME-ARCHIVE/GEM-MALEK-PHENIX/debug_runs/kingmalek/debug-kingmalek-smoke-16a6b2387f/triage-debug-kingmalek-smoke-16a6b2387f.v1.json,base-or-copy
triage-debug-kingmalek-smoke-16a6b2387f,6,SCRIPTS/Paper outcomes RESTART/GEM-MALEK-PHENIX/debug_runs/kingmalek/debug-kingmalek-smoke-16a6b2387f/triage-debug-kingmalek-smoke-16a6b2387f.v1.json,base-or-copy
triage-debug-kingmalek-smoke-16a6b2387f,6,SCRIPTS/Paper outcomes ROUND2/GEM-MALEK-PHENIX/debug_runs/kingmalek/debug-kingmalek-smoke-16a6b2387f/triage-debug-kingmalek-smoke-16a6b2387f.v1.json,base-or-copy
triage-debug-kingmalek-smoke-16a6b2387f,6,SCRIPTS/Paper outcomes/GEM-MALEK-PHENIX/debug_runs/kingmalek/debug-kingmalek-smoke-16a6b2387f/triage-debug-kingmalek-smoke-16a6b2387f.v1.json,base-or-copy
triage-kingmalek-md-readme-zip-afaf0136e9,6,SCRIPTS/Paper outcomes RESTART-2/GEM-MALEK-PHENIX/parallel_runs/kingmalek/kingmalek-md-readme-zip-afaf0136e9/triage-kingmalek-md-readme-zip-afaf0136e9.v1.json,base-or-copy
triage-kingmalek-md-readme-zip-afaf0136e9,6,SCRIPTS/Paper outcomes RESTART-3/GEM-MALEK-PHENIX/parallel_runs/kingmalek/kingmalek-md-readme-zip-afaf0136e9/triage-kingmalek-md-readme-zip-afaf0136e9.v1.json,base-or-copy
triage-kingmalek-md-readme-zip-afaf0136e9,6,SCRIPTS/Paper outcomes RESTART-4 RUNTIME-ARCHIVE/GEM-MALEK-PHENIX/parallel_runs/kingmalek/kingmalek-md-readme-zip-afaf0136e9/triage-kingmalek-md-readme-zip-afaf0136e9.v1.json,base-or-copy
triage-kingmalek-md-readme-zip-afaf0136e9,6,SCRIPTS/Paper outcomes RESTART/GEM-MALEK-PHENIX/parallel_runs/kingmalek/kingmalek-md-readme-zip-afaf0136e9/triage-kingmalek-md-readme-zip-afaf0136e9.v1.json,base-or-copy
triage-kingmalek-md-readme-zip-afaf0136e9,6,SCRIPTS/Paper outcomes ROUND2/GEM-MALEK-PHENIX/parallel_runs/kingmalek/kingmalek-md-readme-zip-afaf0136e9/triage-kingmalek-md-readme-zip-afaf0136e9.v1.json,base-or-copy
triage-kingmalek-md-readme-zip-afaf0136e9,6,SCRIPTS/Paper outcomes/GEM-MALEK-PHENIX/parallel_runs/kingmalek/kingmalek-md-readme-zip-afaf0136e9/triage-kingmalek-md-readme-zip-afaf0136e9.v1.json,base-or-copy
triage-parallel-kingmalek-wrapper-5861bc1349,6,SCRIPTS/Paper outcomes RESTART-2/GEM-MALEK-PHENIX/parallel_runs/kingmalek-wrapper/parallel-kingmalek-wrapper-5861bc1349/triage-parallel-kingmalek-wrapper-5861bc1349.v1.json,base-or-copy
triage-parallel-kingmalek-wrapper-5861bc1349,6,SCRIPTS/Paper outcomes RESTART-3/GEM-MALEK-PHENIX/parallel_runs/kingmalek-wrapper/parallel-kingmalek-wrapper-5861bc1349/triage-parallel-kingmalek-wrapper-5861bc1349.v1.json,base-or-copy
triage-parallel-kingmalek-wrapper-5861bc1349,6,SCRIPTS/Paper outcomes RESTART-4 RUNTIME-ARCHIVE/GEM-MALEK-PHENIX/parallel_runs/kingmalek-wrapper/parallel-kingmalek-wrapper-5861bc1349/triage-parallel-kingmalek-wrapper-5861bc1349.v1.json,base-or-copy
triage-parallel-kingmalek-wrapper-5861bc1349,6,SCRIPTS/Paper outcomes RESTART/GEM-MALEK-PHENIX/parallel_runs/kingmalek-wrapper/parallel-kingmalek-wrapper-5861bc1349/triage-parallel-kingmalek-wrapper-5861bc1349.v1.json,base-or-copy
triage-parallel-kingmalek-wrapper-5861bc1349,6,SCRIPTS/Paper outcomes ROUND2/GEM-MALEK-PHENIX/parallel_runs/kingmalek-wrapper/parallel-kingmalek-wrapper-5861bc1349/triage-parallel-kingmalek-wrapper-5861bc1349.v1.json,base-or-copy
triage-parallel-kingmalek-wrapper-5861bc1349,6,SCRIPTS/Paper outcomes/GEM-MALEK-PHENIX/parallel_runs/kingmalek-wrapper/parallel-kingmalek-wrapper-5861bc1349/triage-parallel-kingmalek-wrapper-5861bc1349.v1.json,base-or-copy
votes-ag-runner-md-with-readme-key-2426d4903d,6,SCRIPTS/Paper outcomes RESTART-2/AG-runner/governance_runs/ag-runner-md-with-readme-key-2426d4903d/votes-ag-runner-md-with-readme-key-2426d4903d.v1.json,base-or-copy
votes-ag-runner-md-with-readme-key-2426d4903d,6,SCRIPTS/Paper outcomes RESTART-3/AG-runner/governance_runs/ag-runner-md-with-readme-key-2426d4903d/votes-ag-runner-md-with-readme-key-2426d4903d.v1.json,base-or-copy
votes-ag-runner-md-with-readme-key-2426d4903d,6,SCRIPTS/Paper outcomes RESTART-4 RUNTIME-ARCHIVE/AG-runner/governance_runs/ag-runner-md-with-readme-key-2426d4903d/votes-ag-runner-md-with-readme-key-2426d4903d.v1.json,base-or-copy
votes-ag-runner-md-with-readme-key-2426d4903d,6,SCRIPTS/Paper outcomes RESTART/AG-runner/governance_runs/ag-runner-md-with-readme-key-2426d4903d/votes-ag-runner-md-with-readme-key-2426d4903d.v1.json,base-or-copy
votes-ag-runner-md-with-readme-key-2426d4903d,6,SCRIPTS/Paper outcomes ROUND2/AG-runner/governance_runs/ag-runner-md-with-readme-key-2426d4903d/votes-ag-runner-md-with-readme-key-2426d4903d.v1.json,base-or-copy
votes-ag-runner-md-with-readme-key-2426d4903d,6,SCRIPTS/Paper outcomes/AG-runner/governance_runs/ag-runner-md-with-readme-key-2426d4903d/votes-ag-runner-md-with-readme-key-2426d4903d.v1.json,base-or-copy
votes-debug-kingmalek-smoke-16a6b2387f,6,SCRIPTS/Paper outcomes RESTART-2/GEM-MALEK-PHENIX/debug_runs/kingmalek/debug-kingmalek-smoke-16a6b2387f/votes-debug-kingmalek-smoke-16a6b2387f.v1.json,base-or-copy
votes-debug-kingmalek-smoke-16a6b2387f,6,SCRIPTS/Paper outcomes RESTART-3/GEM-MALEK-PHENIX/debug_runs/kingmalek/debug-kingmalek-smoke-16a6b2387f/votes-debug-kingmalek-smoke-16a6b2387f.v1.json,base-or-copy
votes-debug-kingmalek-smoke-16a6b2387f,6,SCRIPTS/Paper outcomes RESTART-4 RUNTIME-ARCHIVE/GEM-MALEK-PHENIX/debug_runs/kingmalek/debug-kingmalek-smoke-16a6b2387f/votes-debug-kingmalek-smoke-16a6b2387f.v1.json,base-or-copy
votes-debug-kingmalek-smoke-16a6b2387f,6,SCRIPTS/Paper outcomes RESTART/GEM-MALEK-PHENIX/debug_runs/kingmalek/debug-kingmalek-smoke-16a6b2387f/votes-debug-kingmalek-smoke-16a6b2387f.v1.json,base-or-copy
votes-debug-kingmalek-smoke-16a6b2387f,6,SCRIPTS/Paper outcomes ROUND2/GEM-MALEK-PHENIX/debug_runs/kingmalek/debug-kingmalek-smoke-16a6b2387f/votes-debug-kingmalek-smoke-16a6b2387f.v1.json,base-or-copy
votes-debug-kingmalek-smoke-16a6b2387f,6,SCRIPTS/Paper outcomes/GEM-MALEK-PHENIX/debug_runs/kingmalek/debug-kingmalek-smoke-16a6b2387f/votes-debug-kingmalek-smoke-16a6b2387f.v1.json,base-or-copy
votes-kingmalek-md-readme-zip-afaf0136e9,6,SCRIPTS/Paper outcomes RESTART-2/GEM-MALEK-PHENIX/parallel_runs/kingmalek/kingmalek-md-readme-zip-afaf0136e9/votes-kingmalek-md-readme-zip-afaf0136e9.v1.json,base-or-copy
votes-kingmalek-md-readme-zip-afaf0136e9,6,SCRIPTS/Paper outcomes RESTART-3/GEM-MALEK-PHENIX/parallel_runs/kingmalek/kingmalek-md-readme-zip-afaf0136e9/votes-kingmalek-md-readme-zip-afaf0136e9.v1.json,base-or-copy
votes-kingmalek-md-readme-zip-afaf0136e9,6,SCRIPTS/Paper outcomes RESTART-4 RUNTIME-ARCHIVE/GEM-MALEK-PHENIX/parallel_runs/kingmalek/kingmalek-md-readme-zip-afaf0136e9/votes-kingmalek-md-readme-zip-afaf0136e9.v1.json,base-or-copy
votes-kingmalek-md-readme-zip-afaf0136e9,6,SCRIPTS/Paper outcomes RESTART/GEM-MALEK-PHENIX/parallel_runs/kingmalek/kingmalek-md-readme-zip-afaf0136e9/votes-kingmalek-md-readme-zip-afaf0136e9.v1.json,base-or-copy
votes-kingmalek-md-readme-zip-afaf0136e9,6,SCRIPTS/Paper outcomes ROUND2/GEM-MALEK-PHENIX/parallel_runs/kingmalek/kingmalek-md-readme-zip-afaf0136e9/votes-kingmalek-md-readme-zip-afaf0136e9.v1.json,base-or-copy
votes-kingmalek-md-readme-zip-afaf0136e9,6,SCRIPTS/Paper outcomes/GEM-MALEK-PHENIX/parallel_runs/kingmalek/kingmalek-md-readme-zip-afaf0136e9/votes-kingmalek-md-readme-zip-afaf0136e9.v1.json,base-or-copy
votes-parallel-kingmalek-wrapper-5861bc1349,6,SCRIPTS/Paper outcomes RESTART-2/GEM-MALEK-PHENIX/parallel_runs/kingmalek-wrapper/parallel-kingmalek-wrapper-5861bc1349/votes-parallel-kingmalek-wrapper-5861bc1349.v1.json,base-or-copy
votes-parallel-kingmalek-wrapper-5861bc1349,6,SCRIPTS/Paper outcomes RESTART-3/GEM-MALEK-PHENIX/parallel_runs/kingmalek-wrapper/parallel-kingmalek-wrapper-5861bc1349/votes-parallel-kingmalek-wrapper-5861bc1349.v1.json,base-or-copy
votes-parallel-kingmalek-wrapper-5861bc1349,6,SCRIPTS/Paper outcomes RESTART-4 RUNTIME-ARCHIVE/GEM-MALEK-PHENIX/parallel_runs/kingmalek-wrapper/parallel-kingmalek-wrapper-5861bc1349/votes-parallel-kingmalek-wrapper-5861bc1349.v1.json,base-or-copy
votes-parallel-kingmalek-wrapper-5861bc1349,6,SCRIPTS/Paper outcomes RESTART/GEM-MALEK-PHENIX/parallel_runs/kingmalek-wrapper/parallel-kingmalek-wrapper-5861bc1349/votes-parallel-kingmalek-wrapper-5861bc1349.v1.json,base-or-copy
votes-parallel-kingmalek-wrapper-5861bc1349,6,SCRIPTS/Paper outcomes ROUND2/GEM-MALEK-PHENIX/parallel_runs/kingmalek-wrapper/parallel-kingmalek-wrapper-5861bc1349/votes-parallel-kingmalek-wrapper-5861bc1349.v1.json,base-or-copy
votes-parallel-kingmalek-wrapper-5861bc1349,6,SCRIPTS/Paper outcomes/GEM-MALEK-PHENIX/parallel_runs/kingmalek-wrapper/parallel-kingmalek-wrapper-5861bc1349/votes-parallel-kingmalek-wrapper-5861bc1349.v1.json,base-or-copy
recurso-draft1,5,RECURSO/METAMETADATA/METADATA/1.ChatGPT-AgathaAgent/RAW RECURSIVE DATA/RECURSUS/RECURSO-DRAFT1 (1) (1).docx,draft
recurso-draft1,5,RECURSO/METAMETADATA/METADATA/1.ChatGPT-AgathaAgent/RAW RECURSIVE DATA/RECURSUS/RECURSO-DRAFT1 (1) (2).docx,draft
recurso-draft1,5,RECURSO/METAMETADATA/METADATA/1.ChatGPT-AgathaAgent/RAW RECURSIVE DATA/RECURSUS/RECURSO-DRAFT1 (1) (2).md,draft
recurso-draft1,5,RECURSO/METAMETADATA/METADATA/1.ChatGPT-AgathaAgent/RAW RECURSIVE DATA/RECURSUS/RECURSO-DRAFT1 (1).docx,draft
recurso-draft1,5,RECURSO/METAMETADATA/METADATA/1.ChatGPT-AgathaAgent/RAW RECURSIVE DATA/RECURSUS/RECURSO-DRAFT1.docx,draft
sample-decision-packet,3,RECURSO/METAMETADATA/METADATA/1.ChatGPT-AgathaAgent/recurso-AG_layered_structure/11_layer-11-decision/sample-decision-packet.md,base-or-copy
sample-decision-packet,3,RECURSO/METAMETADATA/METADATA/1.ChatGPT-AgathaAgent/recurso-AG_layered_structure/14_contracts/sample-decision-packet.v1.json,base-or-copy
sample-decision-packet,3,RECURSO/METAMETADATA/ai_governance_deliverables_package/contracts/sample-decision-packet.v1.json,base-or-copy
cabinet-epistemic-audit-rigor,2,RECURSO/METAMETADATA/METADATA/1.ChatGPT-AgathaAgent/recurso-AG_layered_structure/14_contracts/cabinet-epistemic-audit-rigor.v1.json,base-or-copy
cabinet-epistemic-audit-rigor,2,RECURSO/METAMETADATA/ai_governance_deliverables_package/contracts/cabinet-epistemic-audit-rigor.v1.json,base-or-copy
casefile.schema,2,RECURSO/METAMETADATA/METADATA/1.ChatGPT-AgathaAgent/recurso-AG_layered_structure/14_contracts/casefile.schema.json,base-or-copy
casefile.schema,2,RECURSO/METAMETADATA/ai_governance_deliverables_package/contracts/casefile.schema.json,base-or-copy
concept-fluency-interruption,2,RECURSO/METAMETADATA/METADATA/1.ChatGPT-AgathaAgent/recurso-AG_layered_structure/14_contracts/concept-fluency-interruption.v1.json,base-or-copy
concept-fluency-interruption,2,RECURSO/METAMETADATA/ai_governance_deliverables_package/contracts/concept-fluency-interruption.v1.json,base-or-copy
concept.schema,2,RECURSO/METAMETADATA/METADATA/1.ChatGPT-AgathaAgent/recurso-AG_layered_structure/14_contracts/concept.schema.json,base-or-copy
concept.schema,2,RECURSO/METAMETADATA/ai_governance_deliverables_package/contracts/concept.schema.json,base-or-copy
decision-packet.schema,2,RECURSO/METAMETADATA/METADATA/1.ChatGPT-AgathaAgent/recurso-AG_layered_structure/14_contracts/decision-packet.schema.json,base-or-copy
decision-packet.schema,2,RECURSO/METAMETADATA/ai_governance_deliverables_package/contracts/decision-packet.schema.json,base-or-copy
doc 0.0 notes px3 explainer,2,RECURSO/METAMETADATA/METADATA/1.ChatGPT-AgathaAgent/RAW RECURSIVE DATA/RECURSUS/DOC 0.0 NOTES PX3 Explainer.txt,base-or-copy
doc 0.0 notes px3 explainer,2,RECURSO/METAMETADATA/METADATA/1.ChatGPT-AgathaAgent/RAW RECURSIVE DATA/RECURSUS/DOC 0.0 NOTES PX3 Explainer_cleaned.txt,cleaned
doc 1,2,RECURSO/METAMETADATA/METADATA/1.ChatGPT-AgathaAgent/RAW RECURSIVE DATA/RECURSUS/doc 1.txt,base-or-copy
doc 1,2,RECURSO/METAMETADATA/METADATA/1.ChatGPT-AgathaAgent/RAW RECURSIVE DATA/RECURSUS/doc 1_cleaned.txt,cleaned
doc 2,2,RECURSO/METAMETADATA/METADATA/1.ChatGPT-AgathaAgent/RAW RECURSIVE DATA/RECURSUS/doc 2.txt,base-or-copy
doc 2,2,RECURSO/METAMETADATA/METADATA/1.ChatGPT-AgathaAgent/RAW RECURSIVE DATA/RECURSUS/doc 2_cleaned.txt,cleaned
doc 3,2,RECURSO/METAMETADATA/METADATA/1.ChatGPT-AgathaAgent/RAW RECURSIVE DATA/RECURSUS/DOC 3.txt,base-or-copy
doc 3,2,RECURSO/METAMETADATA/METADATA/1.ChatGPT-AgathaAgent/RAW RECURSIVE DATA/RECURSUS/DOC 3_cleaned.txt,cleaned
doc0,2,RECURSO/METAMETADATA/METADATA/1.ChatGPT-AgathaAgent/RAW RECURSIVE DATA/RECURSUS/DOC0.txt,base-or-copy
doc0,2,RECURSO/METAMETADATA/METADATA/1.ChatGPT-AgathaAgent/RAW RECURSIVE DATA/RECURSUS/DOC0_cleaned.txt,cleaned
explain phase 1 pass,2,RECURSO/METAMETADATA/EXPLAIN PHASE 1 PASS.txt,base-or-copy
explain phase 1 pass,2,RECURSO/METAMETADATA/METADATA/1.ChatGPT-AgathaAgent/EXPLAIN PHASE 1 PASS.txt,base-or-copy
main explain,2,RECURSO/METAMETADATA/METADATA/1.ChatGPT-AgathaAgent/RAW RECURSIVE DATA/RECURSUS/MAIN EXPLAIN.txt,base-or-copy
main explain,2,RECURSO/METAMETADATA/METADATA/1.ChatGPT-AgathaAgent/RAW RECURSIVE DATA/RECURSUS/MAIN EXPLAIN_cleaned.txt,cleaned
master_key,2,RECURSO/METAMETADATA/METADATA/1.ChatGPT-AgathaAgent/RAW RECURSIVE DATA/RECURSUS/MASTER_KEY.docx,base-or-copy
master_key,2,RECURSO/METAMETADATA/ai_governance_deliverables_package/MASTER_KEY.odt,base-or-copy
notes px3 explainer,2,RECURSO/METAMETADATA/METADATA/1.ChatGPT-AgathaAgent/RAW RECURSIVE DATA/RECURSUS/NOTES PX3 Explainer.txt,base-or-copy
notes px3 explainer,2,RECURSO/METAMETADATA/METADATA/1.ChatGPT-AgathaAgent/RAW RECURSIVE DATA/RECURSUS/NOTES PX3 Explainer_cleaned.txt,cleaned
outcome.schema,2,RECURSO/METAMETADATA/METADATA/1.ChatGPT-AgathaAgent/recurso-AG_layered_structure/14_contracts/outcome.schema.json,base-or-copy
outcome.schema,2,RECURSO/METAMETADATA/ai_governance_deliverables_package/contracts/outcome.schema.json,base-or-copy
panel-if-gov-core,2,RECURSO/METAMETADATA/METADATA/1.ChatGPT-AgathaAgent/recurso-AG_layered_structure/14_contracts/panel-if-gov-core.v1.json,base-or-copy
panel-if-gov-core,2,RECURSO/METAMETADATA/ai_governance_deliverables_package/contracts/panel-if-gov-core.v1.json,base-or-copy
panel.schema,2,RECURSO/METAMETADATA/METADATA/1.ChatGPT-AgathaAgent/recurso-AG_layered_structure/14_contracts/panel.schema.json,base-or-copy
panel.schema,2,RECURSO/METAMETADATA/ai_governance_deliverables_package/contracts/panel.schema.json,base-or-copy
recurso-draft1-full-integration,2,RECURSO/METAMETADATA/METADATA/1.ChatGPT-AgathaAgent/RAW RECURSIVE DATA/RECURSUS/RECURSO-DRAFT1-FULL-INTEGRATION.docx,draft
recurso-draft1-full-integration,2,RECURSO/METAMETADATA/METADATA/3.claude/RECURSO-DRAFT1-FULL-INTEGRATION.zip,draft
sample-casefile,2,RECURSO/METAMETADATA/METADATA/1.ChatGPT-AgathaAgent/recurso-AG_layered_structure/14_contracts/sample-casefile.v1.json,base-or-copy
sample-casefile,2,RECURSO/METAMETADATA/ai_governance_deliverables_package/contracts/sample-casefile.v1.json,base-or-copy
sample-outcome,2,RECURSO/METAMETADATA/METADATA/1.ChatGPT-AgathaAgent/recurso-AG_layered_structure/14_contracts/sample-outcome.v1.json,base-or-copy
sample-outcome,2,RECURSO/METAMETADATA/ai_governance_deliverables_package/contracts/sample-outcome.v1.json,base-or-copy
sample-triage,2,RECURSO/METAMETADATA/METADATA/1.ChatGPT-AgathaAgent/recurso-AG_layered_structure/14_contracts/sample-triage.v1.json,base-or-copy
sample-triage,2,RECURSO/METAMETADATA/ai_governance_deliverables_package/contracts/sample-triage.v1.json,base-or-copy
sample-votes,2,RECURSO/METAMETADATA/METADATA/1.ChatGPT-AgathaAgent/recurso-AG_layered_structure/14_contracts/sample-votes.v1.json,base-or-copy
sample-votes,2,RECURSO/METAMETADATA/ai_governance_deliverables_package/contracts/sample-votes.v1.json,base-or-copy
seat.schema,2,RECURSO/METAMETADATA/METADATA/1.ChatGPT-AgathaAgent/recurso-AG_layered_structure/14_contracts/seat.schema.json,base-or-copy
seat.schema,2,RECURSO/METAMETADATA/ai_governance_deliverables_package/contracts/seat.schema.json,base-or-copy
triage.schema,2,RECURSO/METAMETADATA/METADATA/1.ChatGPT-AgathaAgent/recurso-AG_layered_structure/14_contracts/triage.schema.json,base-or-copy
triage.schema,2,RECURSO/METAMETADATA/ai_governance_deliverables_package/contracts/triage.schema.json,base-or-copy
voice-dissent-labor-legibility,2,RECURSO/METAMETADATA/METADATA/1.ChatGPT-AgathaAgent/recurso-AG_layered_structure/14_contracts/voice-dissent-labor-legibility.v1.json,base-or-copy
voice-dissent-labor-legibility,2,RECURSO/METAMETADATA/ai_governance_deliverables_package/contracts/voice-dissent-labor-legibility.v1.json,base-or-copy
voice.schema,2,RECURSO/METAMETADATA/METADATA/1.ChatGPT-AgathaAgent/recurso-AG_layered_structure/14_contracts/voice.schema.json,base-or-copy
voice.schema,2,RECURSO/METAMETADATA/ai_governance_deliverables_package/contracts/voice.schema.json,base-or-copy
votes.schema,2,RECURSO/METAMETADATA/METADATA/1.ChatGPT-AgathaAgent/recurso-AG_layered_structure/14_contracts/votes.schema.json,base-or-copy
votes.schema,2,RECURSO/METAMETADATA/ai_governance_deliverables_package/contracts/votes.schema.json,base-or-copy
